74 88 7.36 1.49
50 35 9.44 2.1733333333333325
9 185 5.2 1.0
43 106 7.52 2.843333333333334
28 133 6.6 2.0
73 63 8.28 1.2099999999999997
49 219 4.88 1.4433333333333331
68 234 5.8 1.0833333333333333
49 121 6.8 2.4999999999999996
12 125 7.44 1.256666666666667
8 148 7.04 2.0400000000000005
10 194 4.56 1.0066666666666666
29 112 7.2 1.1666666666666667
46 37 9.44 2.4233333333333333
11 4 9.84 2.639999999999999
3 144 6.68 0.8933333333333328
75 212 5.16 1.7233333333333327
35 83 8.08 2.3266666666666667
27 51 9.16 2.056666666666666
38 65 7.72 1.1266666666666667
6 145 6.92 0.8266666666666662
75 103 7.48 1.5099999999999998
9 200 4.28 0.8766666666666665
30 120 7.48 1.5099999999999998
61 221 5.44 0.7566666666666665
1 139 6.48 1.760000000000001
39 156 6.84 0.6400000000000003
49 222 4.56 3.09
13 219 5.04 1.2066666666666668
44 69 8.16 2.1399999999999992
42 190 5.56 1.0066666666666666
72 90 6.84 1.7233333333333336
0 140 6.28 1.876666666666667
29 174 6.6 1.2499999999999998
61 203 4.76 0.6900000000000005
49 137 6.92 1.4933333333333332
23 220 4.92 0.7433333333333328
43 4 9.84 1.6399999999999995
33 107 7.28 1.5433333333333337
8 134 7.08 1.9933333333333334
1 76 7.88 1.4433333333333331
73 57 8.16 1.0566666666666673
16 116 6.48 1.9266666666666667
12 129 7.24 1.3566666666666671
44 72 7.84 1.7233333333333338
56 110 7.64 1.5733333333333335
48 215 5.0 1.0833333333333333
41 55 8.64 1.8233333333333313
27 152 6.2 0.9166666666666669
15 39 9.68 1.3099999999999994
77 42 7.8 1.5833333333333333
69 16 10.16 2.7233333333333327
54 92 7.08 1.0766666666666662
0 167 6.0 1.25
26 19 10.68 2.810000000000002
2 2 11.12 3.1933333333333334
13 183 5.56 1.09
33 231 5.56 2.1733333333333333
78 101 7.52 1.676666666666667
76 197 4.92 1.6599999999999995
12 216 5.0 1.1666666666666667
33 234 5.52 1.8433333333333348
27 11 11.04 1.790000000000001
17 42 9.52 1.9266666666666674
54 180 5.76 1.0233333333333337
34 187 5.68 0.8099999999999995
39 84 7.32 1.2266666666666661
75 123 7.16 0.9733333333333337
14 79 7.96 2.456666666666667
66 189 5.68 2.06
43 106 7.52 2.843333333333334
12 76 8.0 2.25
61 34 9.52 1.5933333333333335
72 59 7.72 1.043333333333333
32 61 8.24 2.606666666666667
23 24 8.8 2.333333333333333
43 187 6.32 0.7266666666666662
62 141 8.36 0.9066666666666668
24 163 6.96 0.7066666666666667
43 89 7.76 1.5233333333333332
34 120 6.96 1.956666666666667
65 135 7.16 0.9733333333333337
38 228 4.72 1.9599999999999993
27 159 7.16 1.6399999999999997
61 79 7.48 1.3433333333333328
65 115 7.52 1.3433333333333328
3 183 6.16 0.8066666666666671
59 78 7.64 1.49
20 150 6.16 1.806666666666666
19 171 6.04 1.9566666666666663
55 226 4.52 0.7599999999999998
36 69 7.52 1.593333333333334
53 49 9.56 2.173333333333333
16 216 4.92 0.9933333333333328
80 12 10.76 7.2733333333333325
57 179 5.76 0.856666666666667
0 195 4.52 0.9266666666666663
78 115 7.28 2.3766666666666665
64 228 4.96 1.1233333333333335
27 178 6.28 1.6266666666666667
13 47 8.88 1.4433333333333325
49 171 6.64 1.3233333333333335
40 4 9.76 2.5233333333333334
69 85 8.44 3.3399999999999994
21 127 7.16 1.1400000000000003
43 173 6.36 1.073333333333334
40 152 7.04 1.7066666666666663
73 66 8.12 0.9433333333333326
38 6 10.44 2.9233333333333325
75 158 6.68 1.0599999999999994
9 37 9.28 1.2933333333333328
38 173 6.04 0.7066666666666666
20 91 7.88 1.526666666666667
39 123 7.48 3.176666666666667
11 232 4.72 1.2099999999999997
1 123 6.64 1.0733333333333335
75 52 8.48 1.5099999999999998
79 160 5.88 1.8599999999999997
40 168 6.84 1.4733333333333338
15 121 7.4 1.4166666666666667
3 235 4.44 0.9233333333333335
75 85 8.32 2.2266666666666675
2 102 6.8 1.0833333333333335
22 179 5.44 0.6733333333333332
39 224 4.84 1.39
5 211 4.16 0.7233333333333336
69 180 5.92 1.4099999999999995
25 59 9.12 1.3599999999999997
77 61 7.84 1.723333333333333
71 221 5.12 0.943333333333333
5 182 6.08 1.0766666666666662
61 57 7.96 1.8733333333333337
42 168 7.24 2.3566666666666674
34 194 5.4 1.4166666666666667
53 83 8.0 1.8333333333333333
15 89 7.4 1.0833333333333333
13 179 5.84 1.3900000000000003
43 113 8.08 1.9933333333333334
31 126 7.96 2.373333333333333
46 226 5.12 0.4433333333333334
41 48 10.48 3.0100000000000016
23 58 9.24 2.19
24 130 7.52 1.926666666666667
12 44 8.92 2.41
39 4 9.76 2.94
46 38 9.84 2.3066666666666666
43 85 7.96 0.9566666666666667
3 176 6.52 1.3433333333333328
55 54 9.76 1.8566666666666662
43 114 8.32 1.8100000000000003
52 172 6.24 0.5233333333333333
58 151 7.36 1.9066666666666672
14 217 4.56 1.0066666666666668
34 196 5.36 1.406666666666667
7 116 6.72 1.0433333333333323
9 199 5.12 0.9433333333333334
61 67 8.08 0.9933333333333328
66 225 5.04 0.9566666666666666
48 99 7.44 1.1733333333333336
38 22 10.28 2.2100000000000004
67 164 6.84 1.4733333333333334
51 226 5.04 1.456666666666667
38 217 4.44 1.5066666666666668
63 117 7.44 2.2566666666666664
69 208 5.28 1.2100000000000002
30 188 5.72 1.6266666666666667
57 165 7.36 0.9900000000000001
34 163 6.8 1.5
35 88 7.24 1.4400000000000002
26 199 4.76 0.606666666666667
16 237 4.84 1.2233333333333338
49 42 9.8 0.6666666666666665
18 140 7.04 0.37333333333333324
6 74 8.04 0.7066666666666666
48 196 5.48 1.9266666666666685
49 119 7.96 1.0400000000000003
72 170 5.68 1.1433333333333326
16 202 5.52 1.5933333333333335
41 162 7.48 1.3433333333333328
77 226 5.16 2.0566666666666658
25 191 5.08 1.493333333333333
44 112 8.16 4.723333333333334
55 32 10.24 3.1899999999999995
0 139 6.08 1.0766666666666664
27 81 7.56 1.506666666666667
36 135 7.16 1.556666666666666
0 54 8.48 4.176666666666667
38 41 10.28 2.793333333333333
23 94 7.84 0.7233333333333336
47 169 7.04 1.9566666666666677
50 66 8.28 2.2099999999999995
42 13 10.88 1.8599999999999997
0 154 6.56 0.84
5 128 7.0 1.5833333333333333
58 98 7.56 2.256666666666667
46 172 6.36 1.9066666666666678
77 169 5.44 2.1733333333333342
17 236 4.4 1.0833333333333333
35 96 7.56 1.5900000000000005
19 152 7.28 2.2933333333333334
56 87 8.12 1.3599999999999994
5 20 10.4 1.5833333333333337
61 95 7.6 2.916666666666668
2 133 7.08 2.41
73 27 11.08 3.3266666666666675
25 18 10.8 0.5833333333333331
6 133 9.6 15.500000000000002
43 0 8.44 11.840000000000003
38 56 9.36 1.3233333333333335
45 228 5.48 1.2599999999999996
39 80 7.44 1.1733333333333336
42 100 7.64 0.9900000000000001
11 196 5.16 1.1400000000000003
18 45 9.44 1.673333333333333
61 211 5.52 0.926666666666666
65 117 7.96 1.540000000000001
64 229 5.16 1.973333333333333
28 181 6.4 1.2499999999999998
61 85 8.92 4.326666666666665
29 162 7.64 1.8233333333333333
30 40 9.76 1.3566666666666671
75 23 11.36 1.8233333333333333
5 16 10.64 1.9066666666666656
48 147 7.68 0.7266666666666662
5 12 10.76 3.189999999999999
50 224 4.92 1.4099999999999993
26 68 8.6 1.2499999999999998
51 58 9.36 3.2399999999999984
68 198 5.48 0.8433333333333334
4 83 7.96 2.7899999999999996
28 195 5.64 2.4066666666666667
17 209 5.44 1.4233333333333338
56 117 7.52 1.093333333333333
58 30 9.96 1.9566666666666679
3 104 7.72 2.3766666666666665
25 142 8.6 1.5833333333333333
31 229 5.04 0.79
79 155 7.2 1.9999999999999998
60 196 5.84 1.2233333333333338
65 151 7.56 1.09
0 223 4.76 1.2733333333333339
45 138 7.88 1.7766666666666664
67 69 8.56 2.006666666666666
10 84 8.48 1.2599999999999996
46 208 5.2 1.0
66 76 8.68 4.060000000000001
13 51 9.68 1.5599999999999998
41 135 7.28 1.21
68 182 5.6 1.0833333333333333
65 69 8.8 1.9166666666666663
5 24 9.76 1.2733333333333339
48 74 7.84 2.4733333333333323
5 104 7.52 2.0100000000000016
35 214 4.96 2.1233333333333335
8 148 7.52 1.0099999999999996
65 35 10.4 1.7499999999999998
47 97 7.8 0.666666666666667
41 101 8.12 0.9433333333333337
69 30 11.16 1.806666666666666
16 217 4.76 1.5233333333333334
10 91 8.36 1.156666666666667
72 201 5.84 1.723333333333333
80 93 7.72 1.0433333333333332
30 198 5.76 2.3566666666666665
13 167 6.88 0.9433333333333335
31 132 7.72 2.8766666666666665
56 86 7.88 2.026666666666666
18 97 8.0 1.9166666666666667
25 166 7.4 1.0833333333333333
60 167 7.84 2.2233333333333327
46 50 10.6 2.5833333333333335
20 119 7.0 1.25
6 176 6.44 1.09
76 127 6.96 1.1233333333333337
74 46 9.12 1.2766666666666662
74 99 7.84 2.3066666666666658
78 153 7.48 1.5933333333333328
38 157 7.76 1.1900000000000004
23 134 7.08 1.41
78 225 4.8 1.2499999999999998
46 13 10.24 1.7733333333333328
68 132 6.76 1.0233333333333339
71 156 7.44 1.506666666666667
33 141 7.6 1.6666666666666667
72 235 5.4 1.2499999999999998
67 36 10.4 1.2499999999999998
18 104 7.84 1.8899999999999988
33 75 8.68 3.810000000000001
40 102 8.16 0.8066666666666668
24 156 7.32 3.0600000000000005
78 71 8.08 1.2433333333333327
52 24 9.36 1.4066666666666665
27 27 8.84 1.056666666666667
63 101 7.68 1.3933333333333333
2 38 9.92 1.3266666666666664
13 230 4.6 1.7500000000000002
30 209 4.96 1.0400000000000003
6 70 8.96 1.5400000000000003
80 185 5.68 1.1433333333333329
79 164 7.0 1.5
59 114 6.44 0.7566666666666665
74 104 8.08 1.0766666666666662
45 85 7.08 1.41
36 57 7.96 1.2900000000000005
38 165 6.68 0.8099999999999995
21 208 4.64 1.823333333333334
22 148 7.4 1.0833333333333333
60 183 5.96 1.5400000000000003
5 202 4.64 1.406666666666667
76 75 7.28 1.3766666666666663
10 116 6.12 1.7766666666666664
50 124 7.64 1.5733333333333344
5 211 4.88 0.7766666666666668
46 22 9.56 2.4233333333333333
16 54 8.68 1.4766666666666663
4 234 4.8 1.3333333333333337
59 33 9.72 1.9599999999999997
60 80 8.08 2.91
14 10 9.68 2.6433333333333353
58 114 6.6 0.75
76 171 5.52 1.0099999999999996
12 154 7.12 1.1933333333333331
36 68 7.28 1.4599999999999997
40 198 5.12 0.7766666666666667
4 168 6.88 1.4433333333333336
6 189 4.92 0.7433333333333332
30 159 7.08 2.8266666666666675
25 227 5.2 1.833333333333333
10 10 9.68 2.6433333333333353
18 32 10.4 2.5000000000000004
55 48 8.68 2.810000000000002
58 79 7.72 1.7100000000000002
6 94 6.68 1.4766666666666666
22 214 5.32 1.4766666666666668
38 62 7.4 1.1666666666666665
55 2 10.04 1.706666666666667
11 134 7.28 1.2099999999999997
28 59 7.96 2.2900000000000005
63 65 8.16 2.306666666666665
63 146 8.4 2.6666666666666665
20 67 7.6 1.6666666666666676
5 81 7.04 3.706666666666667
44 82 7.88 0.7766666666666665
62 117 7.32 0.5599999999999999
22 25 10.08 1.6600000000000001
10 35 8.84 1.1400000000000003
48 212 4.84 0.7233333333333333
40 172 5.76 1.3566666666666671
1 9 9.48 3.0100000000000002
21 128 7.8 1.8333333333333328
58 61 8.64 3.4066666666666663
43 193 5.12 1.7766666666666664
6 117 7.68 3.9766666666666683
14 138 7.68 1.6433333333333342
46 64 7.88 1.0266666666666664
62 20 9.84 2.4733333333333314
15 106 6.64 2.99
8 49 9.12 1.7766666666666664
5 45 8.96 2.7066666666666674
72 68 7.52 2.5933333333333355
19 162 7.64 0.9066666666666667
24 55 8.08 1.66
72 96 7.32 1.8100000000000007
4 82 7.36 5.573333333333334
67 12 10.24 1.2733333333333339
56 217 5.0 0.8333333333333334
49 207 4.8 0.4166666666666667
39 147 7.72 0.6266666666666667
26 15 8.76 1.6066666666666665
46 4 10.6 1.1666666666666665
76 99 8.04 1.2066666666666666
78 180 6.52 2.5933333333333337
18 15 8.64 2.656666666666665
38 204 5.04 0.9566666666666669
31 182 6.4 0.9999999999999999
71 0 7.64 7.073333333333335
4 85 7.24 6.606666666666665
8 4 10.2 2.083333333333333
5 148 7.68 2.893333333333334
69 205 5.16 1.889999999999998
66 134 8.08 1.6599999999999995
76 210 5.24 1.2733333333333337
21 224 4.52 1.093333333333333
34 81 7.16 1.0566666666666669
79 33 7.8 1.3333333333333337
51 97 7.44 1.0066666666666666
46 170 6.28 0.8766666666666666
33 3 10.12 2.276666666666666
57 206 5.12 1.1933333333333331
24 196 4.56 1.1733333333333333
6 125 7.84 3.2233333333333323
18 114 6.92 2.4099999999999997
75 67 8.32 1.8933333333333338
77 129 7.24 0.9400000000000005
66 229 3.48 0.7599999999999999
71 69 7.32 2.893333333333334
24 163 6.76 0.6900000000000001
10 134 7.16 1.4733333333333334
70 104 7.16 1.8066666666666658
66 99 7.88 3.61
1 138 6.76 1.8566666666666662
31 4 9.44 1.7566666666666666
63 9 10.56 1.6733333333333336
23 41 10.76 1.6900000000000004
80 108 7.52 1.5933333333333335
33 162 7.28 1.4600000000000002
63 154 8.24 1.3566666666666671
62 134 7.16 1.0566666666666669
29 189 6.36 1.2400000000000004
11 134 7.04 1.6233333333333337
43 232 5.4 0.8333333333333331
47 216 5.08 1.9100000000000001
7 115 7.0 0.8333333333333334
1 22 9.6 5.500000000000001
57 116 7.0 1.5
35 90 7.24 1.4400000000000002
22 125 7.32 1.2266666666666661
35 7 9.8 2.083333333333333
28 14 10.28 1.376666666666666
30 50 9.48 1.0099999999999991
38 77 7.6 1.0833333333333333
52 2 9.8 0.9999999999999996
53 21 9.36 2.0733333333333324
13 189 5.52 1.6766666666666674
64 139 7.68 1.1433333333333329
36 69 7.92 2.326666666666667
0 95 6.56 1.9233333333333338
4 147 7.76 2.356666666666667
64 210 5.72 1.0433333333333332
63 32 9.96 2.04
15 230 4.16 2.0566666666666653
34 191 5.32 1.4766666666666668
53 166 8.32 1.7266666666666668
71 34 9.56 2.09
13 25 8.4 1.4166666666666667
0 187 5.0 1.3333333333333333
19 158 7.48 1.5099999999999998
35 188 6.04 1.5400000000000007
26 145 8.2 2.4166666666666665
11 154 7.2 1.5
11 144 7.68 1.4766666666666666
58 181 6.4 1.916666666666667
44 5 10.12 2.443333333333334
73 46 8.04 3.5400000000000005
55 216 5.56 1.2566666666666668
40 76 7.84 1.2233333333333336
51 32 9.88 1.7766666666666666
50 48 9.4 1.1666666666666665
76 110 8.48 2.0933333333333337
17 1 9.16 6.723333333333334
16 107 7.84 1.9733333333333325
47 143 8.0 1.5
56 20 9.84 1.9733333333333316
54 208 5.68 1.5600000000000003
50 37 9.24 3.106666666666666
73 100 7.32 1.4766666666666663
14 163 7.4 1.7500000000000007
16 180 6.84 0.6400000000000001
71 235 5.16 1.39
31 157 7.88 1.2766666666666664
12 90 7.16 2.5566666666666653
70 201 5.2 1.5
11 30 9.12 3.0266666666666673
68 104 7.52 1.343333333333333
12 176 7.56 1.1733333333333336
78 213 5.44 2.0900000000000003
71 38 8.44 2.09
7 64 8.16 1.2233333333333336
21 146 8.04 2.3733333333333344
14 12 10.04 0.6233333333333332
37 157 7.92 2.5766666666666667
77 147 8.32 0.8099999999999995
59 222 4.84 1.0566666666666669
55 8 10.04 2.873333333333333
79 203 5.0 1.0833333333333333
49 35 10.04 2.7900000000000005
44 31 9.48 2.926666666666667
26 42 11.2 1.916666666666666
78 156 7.88 1.2766666666666662
11 176 7.6 1.1666666666666665
69 55 8.12 2.1933333333333334
51 212 4.8 0.6666666666666671
15 74 7.56 1.4233333333333338
80 53 7.88 1.0266666666666662
68 84 8.04 1.54
0 38 7.88 3.7766666666666655
29 97 6.68 1.0599999999999994
7 212 4.92 0.8266666666666662
15 147 7.92 1.493333333333333
22 70 8.08 3.1600000000000006
31 111 6.48 1.51
28 90 7.72 2.1266666666666665
65 153 8.52 1.5100000000000007
79 171 5.84 0.7233333333333335
80 169 6.2 1.0833333333333333
59 7 10.36 2.2399999999999998
23 55 9.48 1.926666666666667
4 126 8.08 4.826666666666667
21 101 7.0 1.0833333333333333
39 30 10.32 0.9766666666666665
56 58 9.84 2.556666666666666
34 21 11.0 2.0833333333333335
57 90 7.8 1.3333333333333337
43 174 7.28 1.2933333333333332
7 75 8.52 1.093333333333333
22 195 5.96 1.2066666666666668
33 31 10.28 2.7933333333333343
62 12 10.76 2.2733333333333334
61 210 6.2 0.9999999999999999
52 107 7.16 2.2233333333333327
75 168 8.08 1.7433333333333332
56 135 8.6 1.2499999999999998
25 200 5.24 0.856666666666667
49 138 7.68 1.6433333333333335
75 161 8.68 0.893333333333333
76 215 5.68 1.8933333333333346
29 129 7.72 1.793333333333333
61 204 5.6 1.416666666666667
22 157 7.88 2.026666666666667
4 37 9.76 1.4400000000000004
54 0 8.8 13.25
37 156 9.24 1.2733333333333337
13 196 5.6 1.0833333333333333
5 69 9.72 1.7099999999999997
7 64 8.92 1.9100000000000001
34 7 10.88 1.4433333333333331
2 134 7.76 2.2733333333333334
38 143 8.4 1.1666666666666665
12 106 7.12 1.2766666666666664
51 193 6.36 0.6566666666666664
70 89 8.28 1.1266666666666665
54 75 7.64 2.74
33 145 7.28 2.043333333333333
5 137 7.84 2.3066666666666653
53 106 7.04 1.7900000000000003
54 124 7.72 1.1266666666666667
32 12 10.8 2.083333333333333
68 164 8.48 1.4266666666666667
19 39 9.24 1.3566666666666671
27 21 10.48 1.176666666666666
72 170 8.0 2.0
68 45 10.44 1.0900000000000003
44 175 7.4 0.9999999999999999
45 165 7.92 1.1599999999999997
52 60 10.04 1.956666666666667
23 234 4.2 1.1666666666666667
14 237 5.04 1.123333333333334
72 96 8.12 1.36
66 150 7.72 1.3766666666666667
42 90 8.24 1.1066666666666671
49 189 6.4 0.6666666666666665
2 202 5.84 1.3900000000000003
55 39 10.08 1.1599999999999995
51 135 7.48 1.093333333333333
1 33 10.44 1.9233333333333336
49 226 4.56 1.506666666666667
56 43 10.2 1.9166666666666663
8 157 7.96 1.9566666666666672
78 54 8.6 2.0
12 191 6.56 1.34
50 221 5.36 1.6566666666666672
68 189 6.44 1.59
55 196 6.28 1.7099999999999997
24 184 7.28 1.1266666666666665
67 77 8.48 1.5933333333333335
46 59 11.12 2.443333333333334
20 112 7.76 1.9399999999999997
55 58 9.96 2.4566666666666674
9 129 7.36 1.4900000000000004
20 67 8.84 1.973333333333332
76 139 7.16 0.806666666666667
12 129 6.72 1.4599999999999997
26 127 7.4 3.0000000000000004
77 56 8.72 1.2099999999999993
7 217 5.28 1.46
37 186 7.12 1.2766666666666664
31 14 10.2 2.9166666666666665
27 129 7.56 1.7566666666666668
72 165 8.08 1.0766666666666664
71 127 7.2 1.1666666666666672
69 88 8.12 1.5266666666666662
66 61 9.36 1.6566666666666656
26 147 8.4 2.0
37 90 7.44 1.423333333333334
75 23 11.24 2.023333333333333
12 70 9.36 1.573333333333333
48 188 6.6 0.75
1 65 8.92 3.66
80 119 7.68 1.3933333333333335
66 26 12.0 2.6666666666666665
61 158 8.8 1.333333333333333
17 174 7.4 0.9999999999999999
77 25 10.52 2.343333333333334
23 92 7.6 2.000000000000001
62 94 8.68 1.5600000000000003
17 164 7.48 1.3433333333333328
64 206 6.08 1.326666666666666
38 50 11.12 1.7766666666666666
54 214 5.68 1.6433333333333335
17 153 7.72 1.5433333333333337
76 66 7.28 1.8766666666666667
21 9 10.48 2.093333333333334
38 110 7.4 0.9999999999999999
28 188 5.36 1.3233333333333337
21 119 9.36 15.406666666666665
63 233 3.56 1.1733333333333336
48 167 5.64 1.3233333333333337
54 195 5.0 1.1666666666666667
78 86 8.24 3.9399999999999995
66 190 6.68 1.226666666666666
78 131 6.24 1.1900000000000006
18 223 4.56 1.3399999999999999
69 65 8.28 0.7933333333333334
80 63 7.32 2.3100000000000014
49 9 9.6 1.666666666666667
69 93 7.6 1.3333333333333333
48 177 5.64 1.2400000000000004
57 195 4.88 1.4433333333333331
3 193 4.52 0.9266666666666667
80 159 6.28 1.3766666666666663
46 70 7.96 1.2066666666666672
36 170 6.08 1.243333333333333
58 64 7.72 2.1266666666666665
32 78 6.88 0.7766666666666668
7 213 4.96 1.04
12 65 7.36 1.4066666666666665
24 138 7.84 1.723333333333333
74 50 8.4 1.6666666666666663
43 205 5.2 1.7500000000000002
42 237 4.72 1.3766666666666663
7 136 8.0 1.3333333333333333
51 163 6.24 1.0233333333333337
39 148 6.92 0.9099999999999998
73 234 4.04 1.7900000000000007
43 47 9.48 8.343333333333335
40 192 5.2 0.5833333333333336
35 81 7.0 1.5
23 175 4.72 1.3766666666666663
43 68 7.44 2.7566666666666673
68 165 6.08 0.7433333333333327
12 113 6.92 1.6599999999999995
13 156 7.52 1.176666666666666
34 82 7.0 2.3333333333333335
50 105 6.8 3.333333333333334
55 125 6.56 2.256666666666667
76 175 5.76 1.1900000000000002
3 130 8.84 2.7233333333333323
9 112 6.04 0.79
16 0 7.92 8.410000000000002
6 20 8.08 1.6600000000000001
62 119 7.04 1.1233333333333337
38 103 7.28 2.0433333333333334
68 72 7.68 0.9766666666666661
66 187 6.0 1.8333333333333333
56 93 7.76 2.523333333333333
75 34 7.8 1.416666666666667
51 181 5.96 0.79
71 41 8.0 1.3333333333333333
16 162 6.76 1.1066666666666671
21 91 7.0 1.0
44 199 4.8 1.1666666666666667
57 191 4.96 1.2066666666666668
7 219 4.44 1.9233333333333336
52 147 7.96 1.2900000000000003
21 211 4.72 0.8766666666666666
49 120 7.12 1.7766666666666666
0 27 8.6 3.0833333333333326
77 229 4.8 1.1666666666666667
74 74 7.44 2.7566666666666664
53 211 5.52 1.2599999999999993
55 31 9.0 1.25
11 55 8.16 1.4733333333333327
53 170 5.4 0.9999999999999999
1 234 4.04 1.2066666666666668
72 174 5.28 1.376666666666667
6 24 8.44 0.7566666666666669
40 106 7.0 1.25
45 174 5.44 1.1733333333333333
41 142 7.52 1.7599999999999998
33 167 6.12 1.1099999999999994
43 217 5.12 1.11
54 110 6.72 1.793333333333333
76 50 8.08 1.326666666666666
3 86 6.88 1.1099999999999992
22 95 7.28 1.7933333333333337
71 139 6.56 0.5066666666666664
38 226 5.16 1.4733333333333327
56 118 7.16 1.0566666666666673
68 49 9.04 1.1233333333333333
12 134 8.16 3.39
54 203 5.24 0.9400000000000003
69 22 10.92 1.8266666666666664
65 180 5.84 0.8066666666666671
80 64 7.64 1.9900000000000009
7 171 6.88 1.11
45 60 7.88 1.7766666666666666
67 225 5.32 0.39333333333333315
40 202 5.0 1.4166666666666667
37 157 6.84 1.0566666666666673
39 134 7.28 2.1266666666666665
21 227 5.04 1.6233333333333333
18 156 7.4 1.5
9 97 6.64 0.6566666666666665
40 64 7.72 1.0433333333333334
31 217 5.12 1.6933333333333334
6 95 6.88 1.4433333333333331
65 64 7.44 1.84
7 166 6.44 2.173333333333334
21 84 6.8 0.8333333333333336
50 39 9.2 1.2499999999999996
80 110 7.76 2.023333333333333
39 105 7.2 1.0000000000000004
27 54 8.16 1.806666666666666
36 49 9.2 1.7499999999999998
24 80 7.04 2.5400000000000005
53 28 10.44 1.34
19 130 7.4 1.3333333333333333
39 128 7.84 3.14
19 225 4.4 1.0833333333333333
39 68 7.24 1.3566666666666671
51 11 10.56 1.34
20 199 4.8 1.8333333333333337
26 33 9.6 1.5833333333333333
8 223 4.72 1.9600000000000002
2 200 5.24 1.4400000000000002
65 57 8.2 2.5833333333333326
23 87 7.44 1.4233333333333336
74 204 5.12 1.1933333333333336
51 62 7.6 1.7500000000000002
35 29 9.56 2.2566666666666673
46 123 7.4 1.1666666666666665
47 104 6.96 2.2900000000000005
73 131 6.04 1.8733333333333337
32 15 9.92 1.9933333333333332
78 63 8.32 1.9766666666666681
57 235 4.48 2.2600000000000002
77 57 8.08 0.8266666666666665
40 121 8.04 2.873333333333333
21 63 8.08 1.66
46 103 7.36 1.906666666666667
62 170 6.08 2.4933333333333336
37 217 5.0 1.3333333333333333
63 2 9.4 1.1666666666666665
66 89 7.88 1.6933333333333334
13 118 6.44 1.9233333333333336
19 88 7.32 0.8933333333333328
8 213 5.04 1.0400000000000005
20 106 7.8 2.4999999999999996
3 60 8.6 2.1666666666666674
69 97 6.6 2.0000000000000004
11 23 8.04 2.8733333333333335
72 132 5.84 1.4733333333333327
16 68 7.56 0.6733333333333332
39 177 5.64 1.2400000000000002
5 141 7.56 2.2566666666666673
58 59 8.36 1.406666666666666
36 229 5.28 1.2100000000000002
78 236 4.76 1.9400000000000004
68 152 7.2 1.666666666666667
44 235 4.72 1.293333333333333
44 195 4.96 1.1233333333333333
17 139 7.84 1.8899999999999997
49 135 7.44 1.1733333333333333
11 155 7.36 1.0733333333333335
43 83 7.64 1.5733333333333333
80 17 10.64 1.3233333333333335
36 187 5.52 1.0933333333333328
53 58 8.36 1.6566666666666663
20 235 4.4 2.0000000000000004
44 11 10.04 1.9566666666666663
20 146 8.24 1.2733333333333339
53 124 7.36 3.1566666666666667
5 193 4.08 0.8266666666666663
0 122 7.4 2.0833333333333335
54 226 4.68 1.2266666666666661
6 67 7.6 0.8333333333333331
16 70 7.56 1.1733333333333336
52 61 7.4 1.666666666666667
46 94 6.92 1.5766666666666662
71 26 10.0 1.5833333333333333
15 162 6.92 0.9099999999999998
73 195 5.24 2.023333333333333
20 7 9.8 2.166666666666666
33 153 6.88 1.11
19 116 8.72 2.7933333333333334
75 19 10.12 2.193333333333333
60 178 5.6 1.1666666666666665
38 34 9.52 0.9266666666666664
76 155 6.8 2.4166666666666665
36 183 5.28 1.1266666666666665
42 16 10.2 2.4999999999999996
73 22 10.4 1.5833333333333333
20 51 9.2 1.6666666666666667
66 109 7.4 0.75
1 189 4.92 0.9933333333333328
47 88 8.48 4.010000000000001
24 14 10.28 1.6266666666666663
64 124 8.0 1.75
3 221 4.72 2.46
73 135 5.56 1.5899999999999999
