147 38 22.666666666666668 51.0
133 42 20.666666666666668 49.25
125 46 22.88888888888889 104.36111111111111
115 50 24.666666666666668 74.5
107 54 23.666666666666668 68.75
100 58 24.555555555555557 57.77777777777778
95 62 26.333333333333332 129.75
91 66 30.444444444444443 225.77777777777777
88 70 35.44444444444444 353.77777777777777
85 74 31.0 232.75
82 78 24.0 72.0
80 82 29.444444444444443 162.77777777777777
78 86 35.55555555555556 222.52777777777777
76 90 37.333333333333336 359.0
73 94 29.88888888888889 75.11111111111111
71 98 32.55555555555556 148.27777777777777
69 102 32.666666666666664 180.25
67 106 29.88888888888889 103.61111111111111
66 110 37.888888888888886 255.11111111111111
65 114 42.44444444444444 341.77777777777777
64 118 37.666666666666664 275.0
63 122 33.0 137.5
63 126 45.22222222222222 522.9444444444445
62 130 31.22222222222222 119.44444444444446
62 134 34.44444444444444 198.5277777777778
62 138 34.111111111111114 211.1111111111111
62 142 35.22222222222222 160.19444444444446
62 146 35.0 166.25
62 150 32.666666666666664 141.0
62 154 28.88888888888889 49.11111111111111
63 158 40.888888888888886 316.61111111111114
63 162 29.11111111111111 53.11111111111111
65 166 34.22222222222222 193.19444444444446
66 170 26.88888888888889 54.611111111111114
68 174 37.0 184.25
70 178 34.0 185.75
72 182 30.666666666666668 109.75
75 186 30.555555555555557 103.52777777777777
78 190 29.0 82.25
81 194 30.333333333333332 120.75
84 198 31.22222222222222 136.44444444444446
87 202 34.22222222222222 333.69444444444446
89 206 29.444444444444443 123.02777777777779
188 44 23.88888888888889 76.86111111111111
198 48 22.333333333333332 73.25
207 52 24.333333333333332 87.75
215 56 23.11111111111111 75.6111111111111
220 60 28.0 181.25
225 64 26.333333333333332 164.99999999999997
230 68 25.88888888888889 177.36111111111111
234 72 27.77777777777778 213.44444444444446
238 76 25.666666666666668 141.25
241 80 27.0 151.75
244 84 23.88888888888889 58.86111111111111
246 88 28.11111111111111 153.61111111111111
248 92 31.0 311.75
250 96 26.666666666666668 81.5
251 100 30.77777777777778 229.94444444444446
252 104 28.11111111111111 134.61111111111111
252 108 36.44444444444444 392.7777777777777
253 112 29.555555555555557 110.27777777777777
254 116 25.0 62.5
254 120 33.0 236.0
255 124 26.0 109.25
255 128 36.666666666666664 324.25000000000006
256 132 26.88888888888889 89.36111111111111
256 136 30.333333333333332 178.5
256 140 26.444444444444443 87.52777777777777
255 144 41.333333333333336 527.5
255 148 30.0 179.75
254 152 30.77777777777778 199.19444444444446
253 156 33.333333333333336 322.75
252 160 31.555555555555557 243.5277777777778
251 164 26.77777777777778 106.94444444444444
249 168 26.22222222222222 95.94444444444446
247 172 28.11111111111111 124.86111111111109
245 176 29.333333333333332 188.5
243 180 29.11111111111111 197.61111111111114
241 184 29.555555555555557 247.52777777777777
239 188 29.88888888888889 237.61111111111114
237 192 26.666666666666668 143.75
234 196 27.11111111111111 158.11111111111111
159 38 23.555555555555557 57.77777777777778
141 42 21.333333333333332 50.75
126 46 21.0 94.75
117 50 25.444444444444443 139.27777777777777
111 54 25.88888888888889 131.61111111111111
106 58 24.0 65.25
102 62 24.666666666666668 58.5
99 66 33.111111111111114 228.61111111111111
96 70 27.555555555555557 98.27777777777777
93 74 25.77777777777778 51.69444444444444
91 78 23.88888888888889 48.111111111111114
89 82 32.0 186.25
86 86 27.444444444444443 64.02777777777777
84 90 30.22222222222222 118.69444444444446
82 94 31.88888888888889 236.86111111111114
80 98 34.55555555555556 200.52777777777777
78 102 30.88888888888889 85.11111111111111
77 106 34.77777777777778 249.19444444444446
75 110 28.0 48.5
74 114 30.555555555555557 89.27777777777777
74 118 41.333333333333336 361.5
73 122 28.555555555555557 61.77777777777778
73 126 30.555555555555557 83.77777777777779
74 130 43.22222222222222 463.1944444444444
74 134 38.333333333333336 223.24999999999997
74 138 28.88888888888889 63.611111111111114
75 142 36.888888888888886 207.6111111111111
76 146 44.111111111111114 438.3611111111111
76 150 29.88888888888889 76.1111111111111
77 154 42.44444444444444 515.0277777777778
77 158 31.77777777777778 138.94444444444443
78 162 37.333333333333336 276.75000000000006
79 166 35.333333333333336 196.5
80 170 29.555555555555557 59.027777777777764
82 174 34.111111111111114 178.3611111111111
84 178 33.666666666666664 235.00000000000003
86 182 31.444444444444443 178.77777777777777
88 186 27.0 56.75
91 190 28.444444444444443 75.02777777777777
94 194 32.22222222222222 170.69444444444443
97 198 32.666666666666664 167.75000000000003
100 202 30.444444444444443 142.77777777777777
103 206 28.77777777777778 66.19444444444444
200 40 24.555555555555557 106.77777777777777
212 44 22.0 60.0
219 48 22.88888888888889 61.86111111111111
224 52 27.77777777777778 185.94444444444446
229 56 24.11111111111111 74.6111111111111
233 60 24.0 65.75
237 64 24.333333333333332 80.0
241 68 23.77777777777778 87.69444444444444
244 72 31.333333333333332 288.5
248 76 24.22222222222222 80.69444444444444
251 80 23.333333333333332 64.25
253 84 28.88888888888889 186.61111111111114
255 88 30.88888888888889 218.6111111111111
257 92 28.666666666666668 215.75
258 96 35.44444444444444 428.7777777777777
260 100 25.666666666666668 89.25
261 104 30.333333333333332 233.0
261 108 42.111111111111114 722.3611111111112
262 112 41.333333333333336 474.5
263 116 41.666666666666664 489.00000000000006
264 120 33.77777777777778 201.69444444444446
265 124 27.555555555555557 84.52777777777779
265 128 36.22222222222222 284.9444444444444
266 132 27.11111111111111 58.3611111111111
266 136 29.444444444444443 76.27777777777777
266 140 28.11111111111111 102.11111111111111
266 144 26.88888888888889 72.3611111111111
265 148 38.888888888888886 359.3611111111111
265 152 31.11111111111111 154.8611111111111
264 156 33.333333333333336 205.0
263 160 32.22222222222222 161.19444444444446
262 164 25.555555555555557 88.27777777777776
260 168 32.666666666666664 238.50000000000003
259 172 29.555555555555557 161.27777777777774
258 176 28.0 102.5
257 180 25.22222222222222 92.94444444444446
255 184 28.666666666666668 164.49999999999997
254 188 21.555555555555557 50.77777777777778
251 192 28.88888888888889 175.3611111111111
249 196 22.77777777777778 67.44444444444446
137 46 24.555555555555557 109.52777777777777
127 50 22.22222222222222 52.19444444444444
120 54 27.77777777777778 151.44444444444446
112 58 23.88888888888889 80.61111111111111
107 62 23.88888888888889 71.11111111111111
103 66 29.0 176.25
99 70 29.22222222222222 277.19444444444446
94 74 24.77777777777778 108.19444444444446
90 78 23.77777777777778 80.94444444444444
86 82 25.88888888888889 142.86111111111111
82 86 25.11111111111111 60.111111111111114
79 90 31.666666666666668 146.75
76 94 33.55555555555556 184.52777777777777
74 98 37.77777777777778 275.94444444444446
72 102 34.44444444444444 127.27777777777777
70 106 29.11111111111111 53.361111111111114
69 110 29.77777777777778 122.44444444444446
68 114 30.0 111.75
67 118 30.11111111111111 84.61111111111111
67 122 34.22222222222222 160.19444444444446
67 126 35.888888888888886 204.11111111111114
67 130 38.0 273.75
67 134 30.77777777777778 124.94444444444444
67 138 32.0 114.25
67 142 35.333333333333336 225.75
67 146 39.22222222222222 280.69444444444446
67 150 38.888888888888886 264.86111111111114
67 154 37.44444444444444 231.02777777777777
67 158 30.22222222222222 86.44444444444444
68 162 34.22222222222222 151.69444444444443
69 166 34.111111111111114 158.36111111111111
70 170 35.55555555555556 181.77777777777774
71 174 31.666666666666668 115.99999999999999
72 178 26.22222222222222 51.944444444444436
75 182 38.55555555555556 285.7777777777778
77 186 32.666666666666664 117.75000000000001
80 190 36.0 255.0
83 194 31.77777777777778 177.44444444444443
86 198 28.22222222222222 110.19444444444444
90 202 31.666666666666668 194.0
93 206 27.333333333333332 81.24999999999999
189 48 25.555555555555557 94.27777777777777
201 52 27.11111111111111 158.6111111111111
210 56 23.77777777777778 101.19444444444444
217 60 21.333333333333332 62.99999999999999
222 64 22.666666666666668 59.5
226 68 23.666666666666668 75.00000000000001
230 72 20.88888888888889 53.111111111111114
233 76 27.0 157.75
237 80 25.444444444444443 78.52777777777777
240 84 26.555555555555557 176.27777777777777
243 88 26.555555555555557 203.77777777777777
246 92 24.77777777777778 126.69444444444443
248 96 29.555555555555557 192.02777777777777
251 100 23.11111111111111 65.36111111111111
252 104 35.55555555555556 375.7777777777777
254 108 31.666666666666668 240.74999999999997
256 112 23.22222222222222 56.44444444444445
257 116 23.666666666666668 69.25
258 120 23.77777777777778 52.44444444444444
259 124 24.333333333333332 49.25000000000001
260 128 25.666666666666668 49.25
261 132 24.0 106.25
262 136 26.444444444444443 62.02777777777777
262 140 37.44444444444444 380.27777777777777
262 144 48.333333333333336 952.75
263 148 30.333333333333332 133.5
263 152 29.333333333333332 88.74999999999999
262 156 45.0 709.0
262 160 37.77777777777778 238.44444444444443
261 164 35.888888888888886 278.6111111111111
260 168 31.88888888888889 228.36111111111114
259 172 24.77777777777778 93.19444444444444
257 176 30.333333333333332 197.49999999999997
255 180 32.55555555555556 236.77777777777777
253 184 29.333333333333332 195.25
251 188 28.666666666666668 175.75000000000003
249 192 25.77777777777778 117.69444444444444
247 196 26.666666666666668 151.25
126 30 25.666666666666668 92.0
112 34 22.0 94.5
104 38 23.11111111111111 71.86111111111111
98 42 23.666666666666668 64.5
93 46 24.444444444444443 76.77777777777777
90 50 29.0 159.5
86 54 26.555555555555557 165.77777777777777
83 58 29.22222222222222 205.44444444444446
80 62 30.333333333333332 209.25000000000003
77 66 31.666666666666668 206.5
73 70 30.11111111111111 129.86111111111111
70 74 28.77777777777778 54.94444444444444
67 78 29.333333333333332 119.0
65 82 33.888888888888886 130.11111111111111
63 86 33.666666666666664 133.75
61 90 27.555555555555557 48.77777777777777
60 94 29.0 97.75
60 98 42.666666666666664 465.75
59 102 39.44444444444444 338.5277777777778
58 106 32.22222222222222 143.94444444444446
58 110 38.333333333333336 261.5
58 114 37.0 232.5
58 118 32.333333333333336 117.50000000000001
59 122 37.333333333333336 293.24999999999994
60 126 37.44444444444444 321.5277777777778
61 130 37.44444444444444 319.77777777777777
62 134 38.333333333333336 282.0
63 138 43.0 428.25
63 142 28.444444444444443 66.77777777777777
64 146 34.22222222222222 151.94444444444443
65 150 43.333333333333336 449.25
65 154 32.111111111111114 132.11111111111111
66 158 30.77777777777778 66.94444444444444
68 162 36.55555555555556 303.5277777777777
70 166 32.44444444444444 178.77777777777777
72 170 39.22222222222222 351.19444444444446
73 174 25.77777777777778 50.69444444444445
77 178 34.77777777777778 278.9444444444445
80 182 29.666666666666668 119.75000000000001
84 186 29.0 94.5
88 190 27.77777777777778 66.94444444444444
93 194 33.333333333333336 233.75
97 198 29.0 121.5
102 202 27.444444444444443 87.77777777777779
109 206 29.555555555555557 191.52777777777777
208 40 23.11111111111111 113.8611111111111
215 44 24.0 96.25
221 48 21.88888888888889 48.361111111111114
225 52 28.77777777777778 196.19444444444443
230 56 21.88888888888889 65.86111111111111
233 60 27.88888888888889 156.61111111111111
237 64 27.444444444444443 143.52777777777777
240 68 26.88888888888889 134.61111111111111
243 72 24.555555555555557 98.02777777777777
245 76 32.77777777777778 353.19444444444446
249 80 20.77777777777778 51.94444444444444
251 84 25.77777777777778 98.44444444444446
252 88 37.77777777777778 393.9444444444444
254 92 30.88888888888889 228.6111111111111
255 96 39.44444444444444 426.52777777777777
257 100 23.444444444444443 53.02777777777778
257 104 34.333333333333336 329.75
258 108 28.666666666666668 72.25
258 112 40.55555555555556 470.7777777777778
258 116 36.888888888888886 334.6111111111111
258 120 39.666666666666664 428.25
258 124 35.111111111111114 293.3611111111111
258 128 30.333333333333332 129.25
257 132 41.55555555555556 568.0277777777778
257 136 32.666666666666664 271.5
256 140 33.55555555555556 291.52777777777777
255 144 31.333333333333332 205.75
254 148 27.77777777777778 107.44444444444446
252 152 31.444444444444443 188.5277777777778
250 156 34.22222222222222 294.94444444444446
249 160 23.555555555555557 85.27777777777779
247 164 26.0 90.75
245 168 27.666666666666668 172.75
244 172 23.444444444444443 64.27777777777779
242 176 24.22222222222222 70.69444444444446
240 180 24.77777777777778 91.94444444444447
238 184 20.555555555555557 60.77777777777778
234 188 27.88888888888889 186.61111111111111
231 192 25.555555555555557 161.27777777777777
227 196 23.333333333333332 87.75000000000001
121 30 25.88888888888889 108.86111111111111
111 34 25.0 200.25
102 38 22.11111111111111 80.61111111111111
96 42 24.333333333333332 115.5
91 46 25.11111111111111 114.61111111111111
87 50 30.0 224.0
83 54 27.0 132.75
80 58 29.77777777777778 183.44444444444443
76 62 28.444444444444443 175.77777777777777
72 66 25.0 58.5
69 70 28.666666666666668 150.0
67 74 35.77777777777778 297.94444444444446
65 78 40.0 337.75
62 82 29.555555555555557 72.77777777777777
61 86 40.0 252.25
59 90 30.0 86.75
58 94 31.333333333333332 142.0
57 98 28.11111111111111 58.111111111111114
57 102 32.22222222222222 162.69444444444446
57 106 40.666666666666664 347.25000000000006
56 110 28.0 64.75
56 114 30.333333333333332 96.5
56 118 30.666666666666668 110.75
56 122 29.77777777777778 90.19444444444443
56 126 33.22222222222222 146.94444444444446
56 130 32.333333333333336 130.5
56 134 31.88888888888889 119.3611111111111
56 138 31.555555555555557 120.5277777777778
57 142 39.44444444444444 353.5277777777778
57 146 30.77777777777778 95.19444444444446
58 150 30.22222222222222 110.94444444444444
59 154 27.22222222222222 57.69444444444444
61 158 30.666666666666668 129.25
63 162 31.555555555555557 166.0277777777778
65 166 28.666666666666668 101.25
68 170 35.0 269.0
71 174 30.666666666666668 150.50000000000003
75 178 31.555555555555557 187.77777777777774
79 182 29.11111111111111 91.36111111111111
84 186 26.555555555555557 69.27777777777779
89 190 28.88888888888889 141.36111111111111
93 194 25.88888888888889 65.86111111111111
98 198 31.0 135.5
103 202 28.444444444444443 145.77777777777777
109 206 23.77777777777778 54.69444444444445
217 40 29.0 219.5
222 44 28.555555555555557 198.52777777777777
226 48 26.88888888888889 191.61111111111117
230 52 24.11111111111111 102.6111111111111
233 56 26.555555555555557 145.5277777777778
236 60 27.444444444444443 144.5277777777778
239 64 26.77777777777778 101.94444444444443
241 68 32.0 267.5
244 72 23.666666666666668 52.50000000000001
245 76 30.666666666666668 211.74999999999997
247 80 23.22222222222222 57.94444444444445
248 84 26.11111111111111 86.1111111111111
249 88 27.444444444444443 89.02777777777779
250 92 26.555555555555557 84.02777777777779
250 96 40.111111111111114 429.86111111111114
251 100 36.0 359.0
252 104 36.0 298.75
254 108 26.11111111111111 48.86111111111111
254 112 36.77777777777778 288.44444444444446
255 116 28.444444444444443 113.02777777777779
255 120 38.44444444444444 378.0277777777778
255 124 37.0 386.25
255 128 36.77777777777778 372.1944444444445
255 132 30.333333333333332 168.74999999999997
254 136 33.111111111111114 170.8611111111111
253 140 32.333333333333336 257.0
252 144 27.88888888888889 140.6111111111111
250 148 31.0 179.0
249 152 23.444444444444443 60.52777777777777
247 156 29.0 50.0
244 160 34.666666666666664 277.74999999999994
242 164 29.77777777777778 256.19444444444446
240 168 29.88888888888889 170.11111111111111
238 172 30.0 202.25
236 176 26.555555555555557 185.7777777777778
233 180 26.22222222222222 155.19444444444443
230 184 23.77777777777778 143.44444444444443
226 188 27.22222222222222 179.94444444444446
222 192 22.444444444444443 108.02777777777779
217 196 19.444444444444443 93.02777777777777
