0100
0013 0047
0049 0171
0040 0004
0069 0085
0021 0127
0043 0173
0040 0152
0073 0066
0038 0006
0075 0158
0009 0037
0038 0173
0020 0091
0039 0123
0011 0232
0001 0123
0075 0052
0079 0160
0040 0168
0015 0121
0003 0235
0075 0085
0002 0102
0022 0179
0039 0224
0005 0211
0069 0180
0025 0059
0077 0061
0071 0221
0005 0182
0061 0057
0042 0168
0034 0194
0053 0083
0015 0089
0013 0179
0043 0113
0031 0126
0046 0226
0041 0048
0023 0058
0024 0130
0012 0044
0039 0004
0046 0038
0043 0085
0003 0176
0055 0054
0043 0114
0052 0172
0058 0151
0014 0217
0034 0196
0007 0116
0009 0199
0061 0067
0066 0225
0048 0099
0038 0022
0067 0164
0051 0226
0038 0217
0063 0117
0069 0208
0030 0188
0057 0165
0034 0163
0035 0088
0026 0199
0016 0237
0049 0042
0018 0140
0006 0074
0048 0196
0049 0119
0072 0170
0016 0202
0041 0162
0077 0226
0025 0191
0044 0112
0055 0032
0000 0139
0027 0081
0036 0135
0000 0054
0038 0041
0023 0094
0047 0169
0050 0066
0042 0013
0000 0154
0005 0128
0058 0098
0046 0172
0077 0169
0017 0236
0035 0096
0019 0152
