0100
0001 0138
0031 0004
0063 0009
0023 0041
0080 0108
0033 0162
0063 0154
0062 0134
0029 0189
0011 0134
0043 0232
0047 0216
0007 0115
0001 0022
0057 0116
0035 0090
0022 0125
0035 0007
0028 0014
0030 0050
0038 0077
0052 0002
0053 0021
0013 0189
0064 0139
0036 0069
0000 0095
0004 0147
0064 0210
0063 0032
0015 0230
0034 0191
0053 0166
0071 0034
0013 0025
0000 0187
0019 0158
0035 0188
0026 0145
0011 0154
0011 0144
0058 0181
0044 0005
0073 0046
0055 0216
0040 0076
0051 0032
0050 0048
0076 0110
0017 0001
0016 0107
0047 0143
0056 0020
0054 0208
0050 0037
0073 0100
0014 0163
0016 0180
0071 0235
0031 0157
0012 0090
0070 0201
0011 0030
0068 0104
0012 0176
0078 0213
0071 0038
0007 0064
0021 0146
0014 0012
0037 0157
0077 0147
0059 0222
0055 0008
0079 0203
0049 0035
0044 0031
0026 0042
0078 0156
0011 0176
0069 0055
0051 0212
0015 0074
0080 0053
0068 0084
0000 0038
0029 0097
0007 0212
0015 0147
0022 0070
0031 0111
0028 0090
0065 0153
0079 0171
0080 0169
0059 0007
0023 0055
0004 0126
0021 0101
0039 0030
