0100
0056 0058
0034 0021
0057 0090
0043 0174
0007 0075
0022 0195
0033 0031
0062 0012
0061 0210
0052 0107
0075 0168
0056 0135
0025 0200
0049 0138
0075 0161
0076 0215
0029 0129
0061 0204
0022 0157
0004 0037
0054 0000
0037 0156
0013 0196
0005 0069
0007 0064
0034 0007
0002 0134
0038 0143
0012 0106
0051 0193
0070 0089
0054 0075
0033 0145
0005 0137
0053 0106
0054 0124
0032 0012
0068 0164
0019 0039
0027 0021
0072 0170
0068 0045
0044 0175
0045 0165
0052 0060
0023 0234
0014 0237
0072 0096
0066 0150
0042 0090
0049 0189
0002 0202
0055 0039
0051 0135
0001 0033
0049 0226
0056 0043
0008 0157
0078 0054
0012 0191
0050 0221
0068 0189
0055 0196
0024 0184
0067 0077
0046 0059
0020 0112
0055 0058
0009 0129
0020 0067
0076 0139
0012 0129
0026 0127
0077 0056
0007 0217
0037 0186
0031 0014
0027 0129
0072 0165
0071 0127
0069 0088
0066 0061
0026 0147
0037 0090
0075 0023
0012 0070
0048 0188
0001 0065
0080 0119
0066 0026
0061 0158
0017 0174
0077 0025
0023 0092
0062 0094
0017 0164
0064 0206
0038 0050
0054 0214
0017 0153
