0100
0076 0066
0021 0009
0038 0110
0028 0188
0021 0119
0063 0233
0048 0167
0054 0195
0078 0086
0066 0190
0078 0131
0018 0223
0069 0065
0080 0063
0049 0009
0069 0093
0048 0177
0057 0195
0003 0193
0080 0159
0046 0070
0036 0170
0058 0064
0032 0078
0007 0213
0012 0065
0024 0138
0074 0050
0043 0205
0042 0237
0007 0136
0051 0163
0039 0148
0073 0234
0043 0047
0040 0192
0035 0081
0023 0175
0043 0068
0068 0165
0012 0113
0013 0156
0034 0082
0050 0105
0055 0125
0076 0175
0003 0130
0009 0112
0016 0000
0006 0020
0062 0119
0038 0103
0068 0072
0066 0187
0056 0093
0075 0034
0051 0181
0071 0041
0016 0162
0021 0091
0044 0199
0057 0191
0007 0219
0052 0147
0021 0211
0049 0120
0000 0027
0077 0229
0074 0074
0053 0211
0055 0031
0011 0055
0053 0170
0001 0234
0072 0174
0006 0024
0040 0106
0045 0174
0041 0142
0033 0167
0043 0217
0054 0110
0076 0050
0003 0086
0022 0095
0071 0139
0038 0226
0056 0118
0068 0049
0012 0134
0054 0203
0069 0022
0065 0180
0080 0064
0007 0171
0045 0060
0067 0225
0040 0202
0037 0157
0039 0134
