0100
0056 0087
0005 0020
0061 0095
0002 0133
0073 0027
0025 0018
0006 0133
0043 0000
0038 0056
0045 0228
0039 0080
0042 0100
0011 0196
0018 0045
0061 0211
0065 0117
0064 0229
0028 0181
0061 0085
0029 0162
0030 0040
0075 0023
0005 0016
0048 0147
0005 0012
0050 0224
0026 0068
0051 0058
0068 0198
0004 0083
0028 0195
0017 0209
0056 0117
0058 0030
0003 0104
0025 0142
0031 0229
0079 0155
0060 0196
0065 0151
0000 0223
0045 0138
0067 0069
0010 0084
0046 0208
0066 0076
0013 0051
0041 0135
0068 0182
0065 0069
0005 0024
0048 0074
0005 0104
0035 0214
0008 0148
0065 0035
0047 0097
0041 0101
0069 0030
0016 0217
0010 0091
0072 0201
0080 0093
0030 0198
0013 0167
0031 0132
0056 0086
0018 0097
0025 0166
0060 0167
0046 0050
0020 0119
0006 0176
0076 0127
0074 0046
0074 0099
0078 0153
0038 0157
0023 0134
0078 0225
0046 0013
0068 0132
0071 0156
0033 0141
0072 0235
0067 0036
0018 0104
0033 0075
0040 0102
0024 0156
0078 0071
0052 0024
0027 0027
0063 0101
0002 0038
0013 0230
0030 0209
0006 0070
0080 0185
0079 0164
