0100
0059 0114
0074 0104
0045 0085
0036 0057
0038 0165
0021 0208
0022 0148
0060 0183
0005 0202
0076 0075
0010 0116
0050 0124
0005 0211
0046 0022
0016 0054
0004 0234
0059 0033
0060 0080
0014 0010
0058 0114
0076 0171
0012 0154
0036 0068
0040 0198
0004 0168
0006 0189
0030 0159
0025 0227
0010 0010
0018 0032
0055 0048
0058 0079
0006 0094
0022 0214
0038 0062
0055 0002
0011 0134
0028 0059
0063 0065
0063 0146
0020 0067
0005 0081
0044 0082
0062 0117
0022 0025
0010 0035
0048 0212
0040 0172
0001 0009
0021 0128
0058 0061
0043 0193
0006 0117
0014 0138
0046 0064
0062 0020
0015 0106
0008 0049
0005 0045
0072 0068
0019 0162
0024 0055
0072 0096
0004 0082
0067 0012
0056 0217
0049 0207
0039 0147
0026 0015
0046 0004
0076 0099
0078 0180
0018 0015
0038 0204
0031 0182
0071 0000
0004 0085
0008 0004
0005 0148
0069 0205
0066 0134
0076 0210
0021 0224
0034 0081
0079 0033
0051 0097
0046 0170
0033 0003
0057 0206
0024 0196
0006 0125
0018 0114
0075 0067
0077 0129
0066 0229
0071 0069
0024 0163
0010 0134
0070 0104
0066 0099
