0100
0021 0227
0018 0156
0009 0097
0040 0064
0031 0217
0006 0095
0065 0064
0007 0166
0021 0084
0050 0039
0080 0110
0039 0105
0027 0054
0036 0049
0024 0080
0053 0028
0019 0130
0039 0128
0019 0225
0039 0068
0051 0011
0020 0199
0026 0033
0008 0223
0002 0200
0065 0057
0023 0087
0074 0204
0051 0062
0035 0029
0046 0123
0047 0104
0073 0131
0032 0015
0078 0063
0057 0235
0077 0057
0040 0121
0021 0063
0046 0103
0062 0170
0037 0217
0063 0002
0066 0089
0013 0118
0019 0088
0008 0213
0020 0106
0003 0060
0069 0097
0011 0023
0072 0132
0016 0068
0039 0177
0005 0141
0058 0059
0036 0229
0078 0236
0068 0152
0044 0235
0044 0195
0017 0139
0049 0135
0011 0155
0043 0083
0080 0017
0036 0187
0053 0058
0020 0235
0044 0011
0020 0146
0053 0124
0005 0193
0000 0122
0054 0226
0006 0067
0016 0070
0052 0061
0046 0094
0071 0026
0015 0162
0073 0195
0020 0007
0033 0153
0019 0116
0075 0019
0060 0178
0038 0034
0076 0155
0036 0183
0042 0016
0073 0022
0020 0051
0066 0109
0001 0189
0047 0088
0024 0014
0064 0124
0003 0221
0073 0135
