0082
0147 0038
0133 0042
0125 0046
0115 0050
0107 0054
0100 0058
0095 0062
0091 0066
0088 0070
0085 0074
0082 0078
0080 0082
0078 0086
0076 0090
0073 0094
0071 0098
0069 0102
0067 0106
0066 0110
0065 0114
0064 0118
0063 0122
0063 0126
0062 0130
0062 0134
0062 0138
0062 0142
0062 0146
0062 0150
0062 0154
0063 0158
0063 0162
0065 0166
0066 0170
0068 0174
0070 0178
0072 0182
0075 0186
0078 0190
0081 0194
0084 0198
0087 0202
0089 0206
0188 0044
0198 0048
0207 0052
0215 0056
0220 0060
0225 0064
0230 0068
0234 0072
0238 0076
0241 0080
0244 0084
0246 0088
0248 0092
0250 0096
0251 0100
0252 0104
0252 0108
0253 0112
0254 0116
0254 0120
0255 0124
0255 0128
0256 0132
0256 0136
0256 0140
0255 0144
0255 0148
0254 0152
0253 0156
0252 0160
0251 0164
0249 0168
0247 0172
0245 0176
0243 0180
0241 0184
0239 0188
0237 0192
0234 0196
