0023 0005
0119 0062 0023  0392
0113 0076 0021  0228
0113 0087 0028  0113
0114 0099 0025  0101
0118 0111 0022  0047
0124 0123 0021  0011
0129 0135 0013  0033
0139 0144 0010  0011
0149 0150 0010  0018
0162 0158 0011  0006
0175 0157 0016  0011
0186 0152 0017  0038
0194 0141 0023  0050
0199 0130 0025  0009
0201 0116 0029  0031
0202 0100 0030  0031
0199 0081 0029  0147
0192 0067 0047  0195
0180 0054 0029  0518
0166 0048 0025  0310
0152 0049 0024  0229
0140 0049 0018  0224
0130 0053 0023  0279
Средние значения: M= 0022 D = 0131
