2 0 8.16 16.55666666666667
150 48 15.0 106.0
129 52 14.68 154.39333333333335
123 56 14.96 157.87333333333333
120 60 19.72 290.04333333333335
117 64 16.52 231.01
115 68 16.04 155.78999999999996
114 72 20.64 219.74000000000004
112 76 15.72 130.79333333333332
111 80 14.28 76.79333333333332
111 84 16.56 96.34000000000002
111 88 16.64 89.65666666666668
111 92 15.68 92.56
111 96 13.48 74.09333333333332
112 100 13.6 75.83333333333333
113 104 12.8 65.33333333333331
114 108 12.0 36.083333333333336
116 112 13.08 60.99333333333336
118 116 13.08 63.24333333333334
25 120 9.72 13.793333333333331
35 124 7.24 20.773333333333333
123 128 11.28 31.543333333333337
125 132 10.0 32.916666666666664
144 136 26.68 35.393333333333324
164 140 24.64 18.406666666666666
163 144 21.92 20.243333333333336
155 148 17.64 19.82333333333333
27 220 5.4 9.583333333333336
100 228 5.72 9.543333333333331
326 16 8.52 11.093333333333334
340 56 8.0 19.833333333333332
190 60 17.92 294.82666666666665
194 64 20.08 530.5766666666667
197 68 16.24 326.94000000000005
199 72 13.64 185.73999999999998
200 76 15.88 178.85999999999999
201 80 16.56 149.42333333333335
202 84 18.12 165.77666666666667
203 88 17.52 172.84333333333333
204 92 15.84 155.80666666666664
205 96 14.52 114.84333333333336
205 100 17.44 135.84
206 104 15.24 103.85666666666664
207 108 13.08 82.99333333333334
206 112 17.64 113.24
206 116 15.68 109.97666666666667
206 120 14.52 88.17666666666666
205 124 14.4 92.58333333333337
204 128 13.6 73.66666666666666
203 132 12.52 66.51
202 136 11.52 52.34333333333331
200 140 11.4 43.083333333333336
198 144 10.36 44.82333333333333
195 148 11.44 34.84000000000001
193 152 8.92 36.32666666666667
187 156 10.96 24.123333333333335
291 196 7.16 22.223333333333326
170 76 18.36 255.8233333333333
158 80 19.12 204.94333333333336
151 84 15.4 178.0
3 88 7.88 9.776666666666666
145 92 18.52 210.17666666666662
143 96 17.12 156.02666666666667
141 100 20.48 223.17666666666665
139 104 17.76 185.10666666666665
138 108 18.44 199.59000000000003
138 112 19.4 193.08333333333334
138 116 16.28 132.29333333333332
138 120 13.64 79.90666666666668
13 124 9.4 16.666666666666668
139 128 10.4 43.58333333333334
141 132 14.48 78.26
143 136 11.56 58.50666666666667
144 140 11.36 52.906666666666645
145 144 9.96 37.95666666666666
147 148 8.28 30.793333333333337
158 152 17.88 42.026666666666664
161 156 10.76 32.35666666666666
170 160 9.36 33.24
172 72 15.6 152.99999999999997
165 76 15.24 138.10666666666665
159 80 15.12 141.77666666666667
0 84 9.48 14.926666666666664
151 88 19.68 225.31000000000003
149 92 19.12 155.10999999999996
149 96 21.48 134.75999999999996
147 100 18.68 149.30999999999997
146 104 18.72 156.12666666666667
146 108 18.48 177.84333333333328
146 112 16.52 137.59333333333333
146 116 14.64 126.98999999999997
146 120 12.84 93.63999999999999
35 124 8.68 13.393333333333333
18 128 10.52 17.093333333333334
150 132 12.52 88.42666666666668
152 136 13.6 93.08333333333336
154 140 12.72 79.54333333333334
156 144 11.2 75.08333333333333
158 148 9.12 38.19333333333333
161 152 9.84 40.64000000000001
164 156 9.44 26.25666666666667
168 160 11.36 38.32333333333332
161 60 19.4 300.16666666666663
150 64 17.0 196.08333333333334
143 68 16.56 187.25666666666663
138 72 17.76 178.5233333333333
111 76 9.0 14.083333333333334
129 80 18.4 216.66666666666666
125 84 16.92 181.57666666666668
122 88 17.12 118.77666666666666
120 92 19.04 131.20666666666665
117 96 15.36 69.40666666666667
115 100 16.0 84.75
113 104 15.44 65.92333333333333
113 108 17.36 72.40666666666668
113 112 14.28 53.21
22 116 10.16 20.64
115 120 11.72 41.54333333333333
35 124 8.16 17.223333333333333
133 128 37.56 19.75666666666667
135 132 28.12 40.02666666666667
15 136 9.88 10.36
164 140 19.96 46.29
141 60 16.0 203.5
133 64 15.12 191.02666666666664
128 68 14.52 128.26000000000002
124 72 15.72 127.79333333333334
120 76 16.12 110.94333333333333
116 80 15.32 98.97666666666665
113 84 14.72 77.62666666666668
111 88 13.76 84.77333333333335
110 92 15.84 122.47333333333331
109 96 14.72 115.46
109 100 16.12 112.94333333333334
109 104 17.36 115.73999999999997
109 108 17.92 132.91000000000003
109 112 15.04 93.29000000000002
110 116 15.92 86.15999999999998
111 120 13.44 43.42333333333334
35 124 9.52 15.093333333333332
115 128 14.04 38.873333333333335
23 132 10.32 22.976666666666663
131 136 34.12 47.193333333333335
130 140 25.16 29.640000000000004
137 144 30.44 53.173333333333346
141 148 27.84 46.22333333333335
148 152 32.12 51.52666666666667
144 156 17.16 31.889999999999997
150 160 11.16 41.05666666666666
162 76 18.88 231.7766666666666
154 80 16.36 177.74
146 84 15.2 159.33333333333334
139 88 14.08 113.99333333333334
136 92 15.96 114.62333333333333
134 96 18.32 119.72666666666665
132 100 17.52 108.00999999999999
131 104 18.24 139.10666666666668
64 108 8.76 11.523333333333333
130 112 13.92 37.49333333333334
129 116 12.48 64.59333333333333
129 120 11.92 64.91
130 124 11.92 59.49333333333333
132 128 11.56 52.17333333333334
135 132 11.28 38.04333333333334
138 136 11.84 37.39000000000001
147 140 23.56 41.17333333333333
155 144 28.52 37.67666666666666
155 148 14.0 34.833333333333336
169 152 15.36 32.239999999999995
170 76 16.68 170.80999999999997
158 80 18.08 143.7433333333333
116 84 10.44 14.673333333333332
143 88 14.8 138.66666666666666
139 92 18.64 206.90666666666667
135 96 16.68 132.56
132 100 18.12 138.85999999999999
130 104 17.28 108.37666666666665
128 108 15.36 93.49
126 112 15.12 150.27666666666667
126 116 18.16 163.89000000000001
126 120 15.4 110.08333333333336
126 124 11.08 46.07666666666666
128 128 13.8 54.0
129 132 12.36 48.23999999999999
131 136 12.36 35.57333333333333
137 140 20.56 27.923333333333332
143 144 24.88 29.52666666666666
145 148 17.04 60.29
131 72 17.24 166.69000000000003
123 76 14.28 82.21
119 80 16.12 102.61
106 84 10.36 15.239999999999997
112 88 16.84 113.97333333333331
110 92 17.76 143.35666666666665
109 96 17.84 166.05666666666664
109 100 19.12 153.69333333333336
109 104 16.68 116.47666666666665
109 108 16.36 100.57333333333332
109 112 13.64 65.07333333333334
109 116 15.08 70.07666666666668
109 120 14.6 71.41666666666664
110 124 14.4 58.916666666666664
111 128 12.28 49.54333333333333
113 132 10.92 51.65999999999999
116 136 11.84 60.30666666666668
119 140 12.28 51.62666666666666
122 144 11.68 36.97666666666667
126 148 12.48 52.51000000000001
139 152 25.32 57.72666666666667
147 156 20.76 18.523333333333337
156 160 12.76 43.606666666666655
50 192 7.48 13.01
170 68 13.72 138.29333333333335
157 72 16.72 140.46
108 76 9.76 22.023333333333337
147 80 16.76 158.94
142 84 13.68 119.47666666666665
139 88 15.12 162.02666666666667
137 92 17.08 151.16
134 96 13.28 81.54333333333332
132 100 15.6 100.5
58 104 8.76 10.44
129 108 15.48 129.59333333333336
129 112 15.76 88.52333333333331
128 116 12.44 78.09000000000002
129 120 11.12 57.52666666666668
131 124 11.84 37.89
139 128 18.28 21.959999999999997
141 132 19.84 48.72333333333333
151 136 24.76 30.02333333333333
156 140 20.76 32.93999999999999
156 68 16.28 132.96
150 72 13.48 77.25999999999999
146 76 12.12 65.11
123 80 10.48 15.343333333333325
142 84 13.36 62.32333333333333
141 88 16.56 102.08999999999999
140 92 17.0 118.08333333333333
139 96 16.08 101.82666666666667
114 100 8.76 11.939999999999998
73 104 9.2 11.583333333333334
138 108 14.04 66.95666666666666
138 112 13.68 59.56000000000001
139 116 11.52 39.593333333333334
143 120 19.48 35.01
142 124 9.84 28.639999999999997
145 128 9.84 23.30666666666667
148 132 9.0 20.333333333333332
164 136 21.32 17.143333333333334
173 140 17.88 19.44333333333333
158 60 16.64 166.32333333333335
149 64 13.88 121.94333333333333
146 68 16.68 148.72666666666666
142 72 14.96 105.20666666666666
139 76 14.88 97.02666666666664
137 80 17.88 121.27666666666666
135 84 15.24 105.02333333333331
134 88 16.44 119.1733333333333
133 92 16.12 110.44333333333334
133 96 18.36 89.49
132 100 13.12 42.526666666666664
133 104 14.88 54.36000000000001
133 108 12.32 47.059999999999995
134 112 12.88 45.10999999999999
135 116 11.92 41.74333333333333
136 120 11.72 53.376666666666665
138 124 12.88 51.693333333333335
139 128 10.56 35.339999999999996
174 132 22.4 19.916666666666668
177 136 22.96 29.373333333333335
154 144 8.36 19.65666666666667
85 0 8.24 16.02333333333333
171 60 15.6 210.33333333333334
161 64 15.12 167.36
154 68 15.0 138.5
149 72 16.68 158.2266666666667
145 76 14.68 119.89333333333332
118 80 9.72 13.459999999999992
139 84 18.52 216.17666666666665
136 88 16.72 229.62666666666664
133 92 14.2 135.58333333333334
131 96 16.56 169.50666666666666
129 100 16.84 163.55666666666664
127 104 16.72 139.37666666666667
125 108 16.56 126.09000000000002
124 112 16.76 108.02333333333333
123 116 14.08 77.41
32 120 10.2 21.91666666666667
35 124 8.28 18.293333333333322
122 128 14.76 78.77333333333334
122 132 13.56 62.33999999999998
122 136 12.8 57.083333333333336
122 140 11.64 36.906666666666666
123 144 11.32 40.22666666666667
124 148 10.64 40.156666666666666
126 152 10.76 38.85666666666666
129 156 12.6 25.666666666666657
159 164 17.4 25.58333333333334
28 220 5.56 8.006666666666671
100 228 6.32 11.06
316 16 8.04 18.289999999999996
343 56 8.84 36.72333333333334
189 60 18.4 302.25
198 64 13.64 116.82333333333331
203 68 11.88 100.11
206 72 12.56 93.50666666666666
209 76 12.64 103.73999999999997
213 80 13.48 143.09333333333333
217 84 11.4 89.33333333333336
219 88 15.96 144.54
221 92 18.44 200.00666666666666
223 96 14.0 118.33333333333333
223 100 16.52 163.42666666666668
223 104 16.92 195.40999999999994
223 108 15.52 150.59333333333333
223 112 15.68 137.14333333333335
223 116 13.52 100.67666666666666
222 120 15.08 177.7433333333333
283 124 7.44 17.173333333333332
218 128 11.72 45.21
215 132 10.84 38.14
211 136 12.92 64.57666666666667
208 140 12.72 89.87666666666668
204 144 12.08 65.16000000000001
201 148 8.76 43.19
196 152 9.6 39.166666666666664
337 156 10.0 21.0
184 160 10.2 36.91666666666666
293 192 7.24 19.106666666666666
149 64 16.36 171.82333333333335
141 68 15.2 163.08333333333334
136 72 18.16 164.55666666666664
131 76 14.76 151.94000000000003
113 80 9.36 14.073333333333332
128 84 18.6 134.16666666666669
126 88 12.84 48.723333333333336
126 92 16.76 78.77333333333335
125 96 14.16 55.973333333333336
125 100 13.2 56.666666666666664
126 104 14.16 47.39000000000001
128 108 16.72 41.96
128 112 10.28 39.79333333333333
131 116 10.36 55.74000000000001
136 120 12.28 54.21
145 124 17.96 48.04
157 132 16.36 37.489999999999995
163 136 17.36 56.99
146 80 13.68 99.89333333333333
140 84 14.08 103.16000000000001
137 88 18.72 166.12666666666667
133 92 17.32 144.47666666666666
129 96 14.68 78.81
126 100 15.68 96.39333333333332
123 104 14.2 90.91666666666667
121 108 13.4 65.58333333333334
120 112 14.92 73.49333333333333
119 116 11.88 37.19333333333333
120 120 13.16 54.13999999999999
121 124 12.52 37.09333333333333
120 128 9.24 27.189999999999998
51 132 8.92 11.326666666666666
125 136 8.44 26.256666666666664
129 140 8.8 19.749999999999996
170 144 23.16 23.139999999999997
171 152 20.84 35.473333333333336
135 44 13.36 145.90666666666667
130 48 17.36 196.65666666666667
125 52 15.6 107.16666666666667
122 56 18.24 152.27333333333334
118 60 15.24 91.68999999999998
115 64 15.2 116.41666666666664
113 68 16.56 148.59
111 72 19.32 172.89333333333332
109 76 18.2 153.83333333333331
108 80 19.68 135.89333333333332
107 84 20.2 205.83333333333334
106 88 17.12 131.52666666666667
105 92 14.44 82.50666666666667
105 96 14.04 78.79
105 100 14.32 103.56
105 104 16.6 126.24999999999999
104 108 12.52 66.17666666666668
105 112 16.04 92.20666666666666
105 116 14.64 88.82333333333334
105 120 13.8 77.0
106 124 14.04 78.70666666666668
107 128 13.16 53.056666666666665
108 132 11.96 36.206666666666656
116 136 19.76 20.60666666666667
138 140 14.04 16.62333333333333
156 144 18.12 23.69333333333334
162 152 12.36 26.49
2 0 8.16 16.55666666666667
150 48 15.0 106.0
129 52 14.68 154.39333333333335
123 56 14.96 157.87333333333333
120 60 19.72 290.04333333333335
117 64 16.52 231.01
115 68 16.04 155.78999999999996
114 72 20.64 219.74000000000004
112 76 15.72 130.79333333333332
111 80 14.28 76.79333333333332
111 84 16.56 96.34000000000002
111 88 16.64 89.65666666666668
111 92 15.68 92.56
111 96 13.48 74.09333333333332
112 100 13.6 75.83333333333333
113 104 12.8 65.33333333333331
114 108 12.0 36.083333333333336
116 112 13.08 60.99333333333336
118 116 13.08 63.24333333333334
25 120 9.72 13.793333333333331
35 124 7.24 20.773333333333333
123 128 11.28 31.543333333333337
125 132 10.0 32.916666666666664
144 136 26.68 35.393333333333324
164 140 24.64 18.406666666666666
163 144 21.92 20.243333333333336
155 148 17.64 19.82333333333333
27 220 5.4 9.583333333333336
100 228 5.72 9.543333333333331
326 16 8.52 11.093333333333334
340 56 8.0 19.833333333333332
190 60 17.92 294.82666666666665
194 64 20.08 530.5766666666667
197 68 16.24 326.94000000000005
199 72 13.64 185.73999999999998
200 76 15.88 178.85999999999999
201 80 16.56 149.42333333333335
202 84 18.12 165.77666666666667
203 88 17.52 172.84333333333333
204 92 15.84 155.80666666666664
205 96 14.52 114.84333333333336
205 100 17.44 135.84
206 104 15.24 103.85666666666664
207 108 13.08 82.99333333333334
206 112 17.64 113.24
206 116 15.68 109.97666666666667
206 120 14.52 88.17666666666666
205 124 14.4 92.58333333333337
204 128 13.6 73.66666666666666
203 132 12.52 66.51
202 136 11.52 52.34333333333331
200 140 11.4 43.083333333333336
198 144 10.36 44.82333333333333
195 148 11.44 34.84000000000001
193 152 8.92 36.32666666666667
187 156 10.96 24.123333333333335
291 196 7.16 22.223333333333326
85 0 8.24 16.02333333333333
171 60 15.6 210.33333333333334
161 64 15.12 167.36
154 68 15.0 138.5
149 72 16.68 158.2266666666667
145 76 14.68 119.89333333333332
118 80 9.72 13.459999999999992
139 84 18.52 216.17666666666665
136 88 16.72 229.62666666666664
133 92 14.2 135.58333333333334
131 96 16.56 169.50666666666666
129 100 16.84 163.55666666666664
127 104 16.72 139.37666666666667
125 108 16.56 126.09000000000002
124 112 16.76 108.02333333333333
123 116 14.08 77.41
32 120 10.2 21.91666666666667
35 124 8.28 18.293333333333322
122 128 14.76 78.77333333333334
122 132 13.56 62.33999999999998
122 136 12.8 57.083333333333336
122 140 11.64 36.906666666666666
123 144 11.32 40.22666666666667
124 148 10.64 40.156666666666666
126 152 10.76 38.85666666666666
129 156 12.6 25.666666666666657
159 164 17.4 25.58333333333334
28 220 5.56 8.006666666666671
100 228 6.32 11.06
316 16 8.04 18.289999999999996
343 56 8.84 36.72333333333334
189 60 18.4 302.25
198 64 13.64 116.82333333333331
203 68 11.88 100.11
206 72 12.56 93.50666666666666
209 76 12.64 103.73999999999997
213 80 13.48 143.09333333333333
217 84 11.4 89.33333333333336
219 88 15.96 144.54
221 92 18.44 200.00666666666666
223 96 14.0 118.33333333333333
223 100 16.52 163.42666666666668
223 104 16.92 195.40999999999994
223 108 15.52 150.59333333333333
223 112 15.68 137.14333333333335
223 116 13.52 100.67666666666666
222 120 15.08 177.7433333333333
283 124 7.44 17.173333333333332
218 128 11.72 45.21
215 132 10.84 38.14
211 136 12.92 64.57666666666667
208 140 12.72 89.87666666666668
204 144 12.08 65.16000000000001
201 148 8.76 43.19
196 152 9.6 39.166666666666664
337 156 10.0 21.0
184 160 10.2 36.91666666666666
293 192 7.24 19.106666666666666
68 0 8.08 21.826666666666668
138 60 15.32 174.30999999999997
130 64 14.88 172.52666666666664
125 68 14.56 128.67333333333332
122 72 19.32 205.4766666666667
119 76 15.64 130.82333333333332
118 80 18.48 148.3433333333333
117 84 16.72 99.87666666666667
116 88 13.64 47.82333333333333
117 92 15.24 43.356666666666655
117 96 12.84 48.14000000000001
118 100 12.56 49.84
120 104 14.36 61.23999999999999
122 108 14.32 58.72666666666669
124 112 12.96 42.12333333333333
126 116 11.36 43.99
129 120 12.72 44.79333333333332
35 124 11.0 20.666666666666668
135 128 10.68 48.72666666666666
140 132 11.56 50.25666666666667
148 136 17.12 53.27666666666668
153 140 13.76 53.02333333333332
161 144 14.2 42.833333333333336
27 220 6.08 8.993333333333338
100 228 6.04 13.623333333333333
326 0 7.0 16.75
344 56 9.24 75.52333333333333
185 60 15.52 231.84333333333345
195 64 18.12 313.5266666666666
203 68 15.36 200.99
210 72 13.04 151.70666666666668
215 76 12.04 119.87333333333333
219 80 12.92 139.4933333333333
222 84 16.08 175.3266666666667
225 88 15.48 156.67666666666668
227 92 16.8 155.16666666666669
229 96 14.12 135.44333333333336
230 100 16.6 154.91666666666669
231 104 15.0 110.83333333333333
231 108 14.64 101.65666666666665
230 112 13.88 62.86000000000001
229 116 12.28 39.54333333333333
209 120 19.4 68.66666666666669
286 124 7.76 16.94
215 128 20.08 25.41
205 132 22.48 28.426666666666666
184 136 25.28 25.87666666666667
340 156 10.76 19.52333333333333
297 192 7.44 23.423333333333332
209 196 6.12 16.776666666666667
155 64 17.88 198.02666666666664
145 68 14.08 116.07666666666667
141 72 15.64 136.40666666666667
137 76 16.28 122.62666666666667
132 80 13.36 57.49
129 84 14.84 78.05666666666666
127 88 16.12 69.61
125 92 16.48 101.50999999999999
123 96 13.6 77.66666666666664
123 100 14.64 78.07333333333334
123 104 13.6 64.08333333333333
123 108 12.72 50.29333333333333
123 112 11.04 36.37333333333334
26 116 9.72 16.62666666666666
125 120 11.64 38.656666666666666
0 124 8.28 44.95999999999998
128 128 10.32 30.976666666666663
148 132 26.92 22.660000000000007
145 136 23.24 22.023333333333337
155 140 28.28 22.209999999999994
160 144 26.64 24.156666666666663
175 148 30.96 37.95666666666667
164 152 24.28 23.209999999999997
177 156 23.64 25.406666666666666
27 220 5.64 9.406666666666672
100 228 4.48 16.09333333333333
336 40 9.4 111.83333333333333
184 64 15.0 166.58333333333334
191 68 16.16 213.22333333333333
196 72 14.48 150.84333333333333
200 76 13.36 172.48999999999998
203 80 16.72 189.04333333333338
206 84 18.52 222.51000000000002
209 88 14.88 163.4433333333333
211 92 17.96 225.3733333333333
214 96 16.16 184.47333333333333
217 100 12.44 130.5066666666667
218 104 19.28 229.95999999999995
220 108 14.8 141.66666666666666
221 112 17.92 169.07666666666668
222 116 16.6 132.99999999999997
223 120 14.8 107.16666666666663
223 124 15.88 123.19333333333333
224 128 12.0 56.833333333333336
224 132 10.6 41.83333333333335
224 136 10.4 45.916666666666664
333 140 10.4 24.250000000000004
223 144 10.72 34.29333333333333
222 148 11.36 38.82333333333333
221 152 10.28 30.209999999999994
290 180 6.76 30.940000000000012
79 0 8.0 19.833333333333332
174 64 14.48 137.42666666666668
163 68 16.92 169.15999999999994
156 72 13.84 139.39
152 76 15.36 158.57333333333332
148 80 12.92 129.57666666666665
145 84 12.84 107.30666666666667
143 88 14.0 85.58333333333333
142 92 19.16 146.89
140 96 15.24 140.3566666666666
139 100 15.52 120.92666666666666
138 104 14.52 108.01000000000003
137 108 13.88 92.19333333333333
137 112 18.0 153.08333333333334
136 116 13.68 98.64333333333332
136 120 15.84 118.05666666666667
35 124 7.96 15.873333333333328
135 128 13.88 68.94333333333333
135 132 12.84 53.640000000000015
135 136 11.44 45.17333333333334
136 140 13.0 49.25
137 144 12.92 54.49333333333334
138 148 11.4 36.66666666666666
168 152 33.76 37.94
27 220 5.64 9.656666666666672
100 228 6.48 16.34333333333333
321 8 8.92 8.993333333333334
336 48 9.04 31.206666666666663
184 64 14.0 100.0
203 68 11.88 108.52666666666666
209 72 13.8 107.0
214 76 15.44 148.84
218 80 14.8 170.66666666666666
221 84 15.12 177.36
224 88 13.68 165.89333333333335
226 92 15.68 198.80999999999997
228 96 14.52 166.34333333333333
229 100 13.12 118.77666666666669
229 104 14.64 114.90666666666664
229 108 12.52 81.01
228 112 15.36 98.40666666666665
279 116 6.8 13.583333333333336
227 120 11.36 51.57333333333332
226 124 12.04 64.70666666666666
224 128 13.64 59.406666666666645
223 132 11.76 49.43999999999999
221 136 13.16 64.05666666666666
220 140 10.84 44.39000000000001
218 144 11.28 40.96
335 148 10.48 17.76
186 152 33.92 31.243333333333336
189 156 26.0 32.5
292 184 6.96 22.456666666666663
163 56 17.0 220.25
147 60 15.68 174.4766666666667
139 64 17.0 208.83333333333334
131 68 14.64 121.24000000000001
126 72 17.6 168.58333333333334
122 76 17.96 163.62333333333333
119 80 19.96 173.20666666666662
116 84 16.48 144.67666666666665
114 88 14.68 105.30999999999999
113 92 16.44 132.67333333333332
113 96 19.44 145.75666666666666
113 100 17.12 89.69333333333337
114 104 15.44 92.08999999999999
115 108 12.32 55.81
117 112 11.6 48.33333333333332
144 116 31.4 34.33333333333333
149 120 33.36 40.489999999999995
35 124 9.52 16.17666666666667
163 128 30.12 66.19333333333337
37 136 9.96 12.706666666666665
10 144 10.2 28.0
100 228 6.12 13.526666666666658
345 56 9.0 43.583333333333336
206 60 13.32 171.64333333333335
213 64 17.44 325.5066666666667
218 68 15.0 212.0
222 72 13.2 151.91666666666666
224 76 17.72 169.29333333333332
227 80 12.08 83.41000000000001
228 84 13.84 96.38999999999999
229 88 11.88 64.10999999999999
229 92 12.44 51.84
206 96 19.76 34.773333333333326
209 100 21.32 36.809999999999995
230 104 12.24 54.606666666666655
230 108 10.24 38.35666666666666
214 112 17.64 13.573333333333336
200 116 14.88 12.943333333333335
209 120 19.8 32.333333333333336
197 124 13.72 17.209999999999994
208 128 21.72 23.543333333333333
205 132 30.68 21.143333333333334
208 136 23.24 42.10666666666666
206 140 10.92 31.326666666666668
251 148 7.6 8.333333333333336
344 156 10.12 27.610000000000003
301 196 7.0 19.0
109 72 8.92 11.410000000000002
174 76 12.96 100.54
173 80 22.52 338.3433333333333
171 84 17.4 185.91666666666663
170 88 18.36 162.48999999999998
100 92 7.8 10.333333333333332
169 96 14.64 88.90666666666665
169 100 14.24 73.77333333333333
169 104 11.4 74.08333333333334
170 108 11.6 60.0
172 112 11.4 49.91666666666668
174 116 11.52 35.26
22 120 9.84 17.47333333333334
35 124 7.88 15.44333333333334
27 220 6.32 10.976666666666667
100 228 5.96 8.790000000000003
334 44 8.8 73.16666666666667
227 56 13.76 149.44000000000003
235 60 14.2 230.5833333333333
241 64 16.04 330.3733333333333
245 68 14.2 207.41666666666666
249 72 12.52 170.26000000000002
251 76 14.76 183.68999999999997
253 80 15.56 188.42333333333332
255 84 17.68 209.30999999999997
258 88 12.28 149.54333333333332
259 92 18.16 233.30666666666673
261 96 14.88 207.61
262 100 17.0 217.91666666666666
264 104 13.28 148.04333333333332
265 108 14.12 149.60999999999999
266 112 14.4 135.33333333333334
267 116 12.6 122.50000000000001
266 120 17.0 156.5
266 124 12.84 84.97333333333333
266 128 10.56 48.25666666666667
265 132 9.08 29.410000000000007
244 136 21.48 30.926666666666662
209 140 15.6 40.583333333333336
331 144 10.36 22.989999999999995
233 148 16.48 21.34333333333333
229 152 17.64 55.07333333333332
177 56 13.88 172.1933333333333
172 60 14.28 170.12666666666664
168 64 12.84 116.97333333333331
165 68 12.84 106.97333333333334
163 72 18.04 205.95666666666668
160 76 17.56 225.42333333333332
157 80 14.88 170.77666666666664
155 84 15.52 170.51
153 88 13.28 96.37666666666662
152 92 14.32 114.80999999999999
151 96 15.28 125.37666666666665
102 100 7.92 11.409999999999997
150 104 14.48 92.92666666666666
150 108 12.48 72.09333333333333
151 112 13.28 72.54333333333334
151 116 10.44 42.00666666666667
153 120 12.68 45.47666666666666
22 124 10.12 20.94333333333333
156 128 12.12 54.776666666666664
158 132 11.92 42.99333333333334
161 136 8.24 30.94000000000001
167 140 10.88 43.94333333333333
27 220 6.0 8.833333333333334
100 228 6.32 12.39333333333333
218 52 15.2 325.75
224 56 15.16 261.89000000000004
230 60 13.6 167.58333333333331
232 64 16.48 184.34333333333333
238 68 14.48 221.26
242 72 12.92 166.82666666666665
244 76 17.4 219.58333333333337
245 80 17.44 224.75666666666663
245 84 17.24 191.68999999999997
245 88 19.2 179.66666666666666
246 92 16.92 184.99333333333334
246 96 16.68 180.39333333333335
246 100 13.56 146.08999999999997
245 104 12.8 90.58333333333333
244 108 12.12 49.943333333333335
242 112 11.52 32.843333333333334
233 116 21.96 43.373333333333335
233 120 19.64 43.99
232 124 20.8 65.16666666666666
233 128 9.44 28.00666666666667
230 132 10.28 32.29333333333333
226 136 10.4 31.91666666666667
208 140 17.8 23.833333333333332
251 148 5.64 10.073333333333332
334 152 10.56 23.673333333333332
289 188 6.56 20.75666666666667
24 0 7.44 12.00666666666667
145 60 16.08 181.07666666666668
136 64 13.6 138.91666666666666
132 68 18.32 261.97666666666663
129 72 17.36 204.99
126 76 17.44 248.59000000000006
123 80 14.96 174.20666666666668
120 84 13.32 111.22666666666667
118 88 13.48 100.75999999999999
117 92 16.08 105.15999999999998
116 96 14.4 64.33333333333333
116 100 15.96 87.87333333333333
116 104 15.8 68.58333333333333
115 108 11.76 51.52333333333334
116 112 10.84 43.80666666666667
139 116 23.88 13.360000000000005
147 120 18.44 17.006666666666664
35 124 8.64 13.656666666666668
149 132 34.0 27.416666666666668
146 136 13.6 62.083333333333314
172 144 20.72 19.959999999999997
171 148 11.44 48.84000000000001
27 220 5.76 10.69
100 228 6.84 16.55666666666667
327 48 9.88 116.69333333333333
185 60 16.4 271.25000000000006
193 64 13.76 206.60666666666668
198 68 17.68 238.14333333333335
204 72 16.76 180.68999999999997
209 76 13.84 160.30666666666667
213 80 11.8 139.41666666666666
215 84 16.96 244.12333333333333
218 88 15.2 203.0
220 92 15.2 189.58333333333334
221 96 16.2 196.16666666666663
221 100 20.16 227.47333333333327
222 104 17.08 227.65999999999997
223 108 13.84 143.22333333333333
222 112 13.72 98.04333333333331
221 116 12.24 62.439999999999976
269 120 7.16 9.973333333333331
217 124 11.36 33.906666666666666
199 128 27.36 52.23999999999998
194 132 27.32 36.06000000000001
325 148 9.92 26.326666666666668
281 188 7.84 25.30666666666666
170 76 18.36 255.8233333333333
158 80 19.12 204.94333333333336
151 84 15.4 178.0
3 88 7.88 9.776666666666666
145 92 18.52 210.17666666666662
143 96 17.12 156.02666666666667
141 100 20.48 223.17666666666665
139 104 17.76 185.10666666666665
138 108 18.44 199.59000000000003
138 112 19.4 193.08333333333334
138 116 16.28 132.29333333333332
138 120 13.64 79.90666666666668
13 124 9.4 16.666666666666668
139 128 10.4 43.58333333333334
141 132 14.48 78.26
143 136 11.56 58.50666666666667
144 140 11.36 52.906666666666645
145 144 9.96 37.95666666666666
147 148 8.28 30.793333333333337
158 152 17.88 42.026666666666664
161 156 10.76 32.35666666666666
170 160 9.36 33.24
172 72 15.6 152.99999999999997
165 76 15.24 138.10666666666665
159 80 15.12 141.77666666666667
0 84 9.48 14.926666666666664
151 88 19.68 225.31000000000003
149 92 19.12 155.10999999999996
149 96 21.48 134.75999999999996
147 100 18.68 149.30999999999997
146 104 18.72 156.12666666666667
146 108 18.48 177.84333333333328
146 112 16.52 137.59333333333333
146 116 14.64 126.98999999999997
146 120 12.84 93.63999999999999
35 124 8.68 13.393333333333333
18 128 10.52 17.093333333333334
150 132 12.52 88.42666666666668
152 136 13.6 93.08333333333336
154 140 12.72 79.54333333333334
156 144 11.2 75.08333333333333
158 148 9.12 38.19333333333333
161 152 9.84 40.64000000000001
164 156 9.44 26.25666666666667
168 160 11.36 38.32333333333332
161 60 19.4 300.16666666666663
150 64 17.0 196.08333333333334
143 68 16.56 187.25666666666663
138 72 17.76 178.5233333333333
111 76 9.0 14.083333333333334
129 80 18.4 216.66666666666666
125 84 16.92 181.57666666666668
122 88 17.12 118.77666666666666
120 92 19.04 131.20666666666665
117 96 15.36 69.40666666666667
115 100 16.0 84.75
113 104 15.44 65.92333333333333
113 108 17.36 72.40666666666668
113 112 14.28 53.21
22 116 10.16 20.64
115 120 11.72 41.54333333333333
35 124 8.16 17.223333333333333
133 128 37.56 19.75666666666667
135 132 28.12 40.02666666666667
15 136 9.88 10.36
164 140 19.96 46.29
141 60 16.0 203.5
133 64 15.12 191.02666666666664
128 68 14.52 128.26000000000002
124 72 15.72 127.79333333333334
120 76 16.12 110.94333333333333
116 80 15.32 98.97666666666665
113 84 14.72 77.62666666666668
111 88 13.76 84.77333333333335
110 92 15.84 122.47333333333331
109 96 14.72 115.46
109 100 16.12 112.94333333333334
109 104 17.36 115.73999999999997
109 108 17.92 132.91000000000003
109 112 15.04 93.29000000000002
110 116 15.92 86.15999999999998
111 120 13.44 43.42333333333334
35 124 9.52 15.093333333333332
115 128 14.04 38.873333333333335
23 132 10.32 22.976666666666663
131 136 34.12 47.193333333333335
130 140 25.16 29.640000000000004
137 144 30.44 53.173333333333346
141 148 27.84 46.22333333333335
148 152 32.12 51.52666666666667
144 156 17.16 31.889999999999997
150 160 11.16 41.05666666666666
162 76 18.88 231.7766666666666
154 80 16.36 177.74
146 84 15.2 159.33333333333334
139 88 14.08 113.99333333333334
136 92 15.96 114.62333333333333
134 96 18.32 119.72666666666665
132 100 17.52 108.00999999999999
131 104 18.24 139.10666666666668
64 108 8.76 11.523333333333333
130 112 13.92 37.49333333333334
129 116 12.48 64.59333333333333
129 120 11.92 64.91
130 124 11.92 59.49333333333333
132 128 11.56 52.17333333333334
135 132 11.28 38.04333333333334
138 136 11.84 37.39000000000001
147 140 23.56 41.17333333333333
155 144 28.52 37.67666666666666
155 148 14.0 34.833333333333336
169 152 15.36 32.239999999999995
170 76 16.68 170.80999999999997
158 80 18.08 143.7433333333333
116 84 10.44 14.673333333333332
143 88 14.8 138.66666666666666
139 92 18.64 206.90666666666667
135 96 16.68 132.56
132 100 18.12 138.85999999999999
130 104 17.28 108.37666666666665
128 108 15.36 93.49
126 112 15.12 150.27666666666667
126 116 18.16 163.89000000000001
126 120 15.4 110.08333333333336
126 124 11.08 46.07666666666666
128 128 13.8 54.0
129 132 12.36 48.23999999999999
131 136 12.36 35.57333333333333
137 140 20.56 27.923333333333332
143 144 24.88 29.52666666666666
145 148 17.04 60.29
131 72 17.24 166.69000000000003
123 76 14.28 82.21
119 80 16.12 102.61
106 84 10.36 15.239999999999997
112 88 16.84 113.97333333333331
110 92 17.76 143.35666666666665
109 96 17.84 166.05666666666664
109 100 19.12 153.69333333333336
109 104 16.68 116.47666666666665
109 108 16.36 100.57333333333332
109 112 13.64 65.07333333333334
109 116 15.08 70.07666666666668
109 120 14.6 71.41666666666664
110 124 14.4 58.916666666666664
111 128 12.28 49.54333333333333
113 132 10.92 51.65999999999999
116 136 11.84 60.30666666666668
119 140 12.28 51.62666666666666
122 144 11.68 36.97666666666667
126 148 12.48 52.51000000000001
139 152 25.32 57.72666666666667
147 156 20.76 18.523333333333337
156 160 12.76 43.606666666666655
50 192 7.48 13.01
170 68 13.72 138.29333333333335
157 72 16.72 140.46
108 76 9.76 22.023333333333337
147 80 16.76 158.94
142 84 13.68 119.47666666666665
139 88 15.12 162.02666666666667
137 92 17.08 151.16
134 96 13.28 81.54333333333332
132 100 15.6 100.5
58 104 8.76 10.44
129 108 15.48 129.59333333333336
129 112 15.76 88.52333333333331
128 116 12.44 78.09000000000002
129 120 11.12 57.52666666666668
131 124 11.84 37.89
139 128 18.28 21.959999999999997
141 132 19.84 48.72333333333333
151 136 24.76 30.02333333333333
156 140 20.76 32.93999999999999
156 68 16.28 132.96
150 72 13.48 77.25999999999999
146 76 12.12 65.11
123 80 10.48 15.343333333333325
142 84 13.36 62.32333333333333
141 88 16.56 102.08999999999999
140 92 17.0 118.08333333333333
139 96 16.08 101.82666666666667
114 100 8.76 11.939999999999998
73 104 9.2 11.583333333333334
138 108 14.04 66.95666666666666
138 112 13.68 59.56000000000001
139 116 11.52 39.593333333333334
143 120 19.48 35.01
142 124 9.84 28.639999999999997
145 128 9.84 23.30666666666667
148 132 9.0 20.333333333333332
164 136 21.32 17.143333333333334
173 140 17.88 19.44333333333333
158 60 16.64 166.32333333333335
149 64 13.88 121.94333333333333
146 68 16.68 148.72666666666666
142 72 14.96 105.20666666666666
139 76 14.88 97.02666666666664
137 80 17.88 121.27666666666666
135 84 15.24 105.02333333333331
134 88 16.44 119.1733333333333
133 92 16.12 110.44333333333334
133 96 18.36 89.49
132 100 13.12 42.526666666666664
133 104 14.88 54.36000000000001
133 108 12.32 47.059999999999995
134 112 12.88 45.10999999999999
135 116 11.92 41.74333333333333
136 120 11.72 53.376666666666665
138 124 12.88 51.693333333333335
139 128 10.56 35.339999999999996
174 132 22.4 19.916666666666668
177 136 22.96 29.373333333333335
154 144 8.36 19.65666666666667
149 64 16.36 171.82333333333335
141 68 15.2 163.08333333333334
136 72 18.16 164.55666666666664
131 76 14.76 151.94000000000003
113 80 9.36 14.073333333333332
128 84 18.6 134.16666666666669
126 88 12.84 48.723333333333336
126 92 16.76 78.77333333333335
125 96 14.16 55.973333333333336
125 100 13.2 56.666666666666664
126 104 14.16 47.39000000000001
128 108 16.72 41.96
128 112 10.28 39.79333333333333
131 116 10.36 55.74000000000001
136 120 12.28 54.21
145 124 17.96 48.04
157 132 16.36 37.489999999999995
163 136 17.36 56.99
146 80 13.68 99.89333333333333
140 84 14.08 103.16000000000001
137 88 18.72 166.12666666666667
133 92 17.32 144.47666666666666
129 96 14.68 78.81
126 100 15.68 96.39333333333332
123 104 14.2 90.91666666666667
121 108 13.4 65.58333333333334
120 112 14.92 73.49333333333333
119 116 11.88 37.19333333333333
120 120 13.16 54.13999999999999
121 124 12.52 37.09333333333333
120 128 9.24 27.189999999999998
51 132 8.92 11.326666666666666
125 136 8.44 26.256666666666664
129 140 8.8 19.749999999999996
170 144 23.16 23.139999999999997
171 152 20.84 35.473333333333336
135 44 13.36 145.90666666666667
130 48 17.36 196.65666666666667
125 52 15.6 107.16666666666667
122 56 18.24 152.27333333333334
118 60 15.24 91.68999999999998
115 64 15.2 116.41666666666664
113 68 16.56 148.59
111 72 19.32 172.89333333333332
109 76 18.2 153.83333333333331
108 80 19.68 135.89333333333332
107 84 20.2 205.83333333333334
106 88 17.12 131.52666666666667
105 92 14.44 82.50666666666667
105 96 14.04 78.79
105 100 14.32 103.56
105 104 16.6 126.24999999999999
104 108 12.52 66.17666666666668
105 112 16.04 92.20666666666666
105 116 14.64 88.82333333333334
105 120 13.8 77.0
106 124 14.04 78.70666666666668
107 128 13.16 53.056666666666665
108 132 11.96 36.206666666666656
116 136 19.76 20.60666666666667
138 140 14.04 16.62333333333333
156 144 18.12 23.69333333333334
162 152 12.36 26.49
125 64 22.24 439.2733333333333
116 68 15.08 123.24333333333334
110 72 14.88 98.86
105 76 15.76 108.85666666666668
101 80 14.56 93.33999999999999
99 84 14.88 88.02666666666664
98 88 19.08 127.41000000000003
96 92 14.56 58.339999999999996
95 96 13.32 54.31000000000001
95 100 15.6 60.5
93 104 12.48 66.17666666666665
92 108 12.92 64.07666666666667
92 112 16.4 79.5
92 116 14.24 84.94000000000001
93 120 15.92 93.16000000000003
94 124 14.16 69.55666666666667
96 128 13.24 40.44
99 132 13.96 46.373333333333335
114 136 27.68 30.560000000000002
114 140 18.36 46.48999999999999
183 72 15.2 144.08333333333334
188 76 18.76 220.10666666666665
194 80 15.24 174.5233333333333
198 84 14.96 140.79
201 88 16.64 198.49
204 92 16.28 184.46
207 96 15.36 178.90666666666667
209 100 14.4 158.5833333333334
209 104 20.8 225.49999999999997
210 108 15.36 117.49
210 112 14.88 116.94333333333333
209 116 13.28 60.45999999999998
207 120 15.84 81.22333333333331
205 124 13.16 66.55666666666666
194 128 17.8 19.750000000000004
287 180 7.04 20.706666666666667
130 40 15.64 185.32333333333335
125 44 15.16 191.72333333333336
121 48 16.84 169.47333333333333
117 52 16.6 164.0
114 56 16.6 174.33333333333334
112 60 19.44 197.67333333333332
109 64 14.2 119.41666666666667
107 68 15.08 171.91
106 72 20.72 249.21000000000004
104 76 17.2 163.99999999999997
103 80 19.8 201.33333333333337
102 84 20.08 206.41
100 88 14.76 95.19000000000001
99 92 14.64 83.24
99 96 15.72 84.04333333333334
99 100 14.68 65.72666666666667
99 104 12.64 69.07333333333334
99 108 11.72 43.87666666666667
100 112 14.16 61.97333333333333
101 116 13.84 43.30666666666667
101 120 10.88 31.77666666666666
103 124 12.52 27.843333333333334
104 128 11.44 29.09
107 132 12.64 27.24
160 136 9.04 25.29000000000001
152 140 9.6 25.833333333333332
183 52 14.4 141.25000000000003
187 56 15.92 166.49333333333334
191 60 13.4 135.41666666666669
193 64 12.92 138.41
193 68 18.52 255.1766666666667
194 72 18.52 205.51
195 76 15.92 160.07666666666665
195 80 19.68 191.9766666666667
196 84 14.2 144.91666666666669
195 88 18.44 251.75666666666666
194 92 15.6 112.49999999999999
193 96 11.52 58.25999999999997
190 100 13.52 54.593333333333334
188 104 12.36 55.07333333333333
185 108 15.12 75.27666666666664
183 112 12.08 64.74333333333334
282 180 7.64 24.489999999999995
168 80 17.2 180.33333333333334
159 84 18.32 154.47666666666666
152 88 18.0 192.16666666666666
147 92 17.92 194.41
143 96 17.56 185.17333333333332
140 100 19.32 191.72666666666666
137 104 17.68 164.81
135 108 18.0 163.58333333333334
133 112 15.68 102.14333333333333
132 116 17.08 108.41000000000001
131 120 16.32 83.72666666666667
130 124 15.08 105.99333333333334
130 128 15.92 114.57666666666667
129 132 12.12 63.193333333333335
130 136 12.72 108.45999999999998
132 140 12.28 73.12666666666667
133 144 9.96 55.45666666666668
135 148 9.96 48.20666666666667
137 152 9.76 38.60666666666666
168 156 20.96 27.04000000000001
204 80 15.2 225.66666666666663
212 84 14.44 224.00666666666666
216 88 13.44 180.7566666666667
218 92 18.88 273.7766666666667
221 96 13.8 135.91666666666666
223 100 17.84 206.7233333333334
225 104 12.72 99.54333333333331
225 108 17.72 160.54333333333335
228 112 17.4 210.75000000000003
266 116 7.6 12.583333333333334
230 120 16.76 121.10666666666663
230 124 13.48 78.67666666666663
228 128 13.0 76.33333333333333
227 132 10.16 32.80666666666668
225 136 13.44 62.673333333333325
223 140 12.12 49.19333333333335
219 144 15.24 53.10666666666666
319 148 10.72 21.376666666666665
203 152 15.64 41.48999999999999
200 156 15.72 66.96
196 160 14.88 83.27666666666664
278 184 7.44 19.17333333333333
161 68 16.6 206.91666666666666
156 72 21.84 352.5566666666666
102 76 9.12 13.943333333333333
150 80 17.88 171.27666666666664
147 84 17.68 202.47666666666666
145 88 19.4 252.66666666666666
144 92 22.48 276.75999999999993
143 96 21.16 200.39000000000001
142 100 18.96 186.62333333333333
48 104 7.76 10.606666666666667
141 108 17.6 188.75000000000003
141 112 16.0 145.0
142 116 19.32 179.14333333333332
142 120 15.12 120.10999999999997
143 124 16.28 112.29333333333334
143 128 11.44 67.42333333333333
145 132 14.84 91.55666666666667
146 136 13.24 84.44000000000001
147 140 11.36 54.65666666666666
149 144 13.52 49.67666666666668
150 148 10.48 39.26
159 152 19.24 27.35666666666666
174 156 31.28 41.54333333333334
164 160 16.84 24.806666666666672
199 64 16.64 351.57333333333327
207 68 16.68 289.3933333333334
214 72 17.16 348.47333333333336
219 76 12.88 195.36
222 80 14.4 214.1666666666667
224 84 16.96 215.37333333333336
226 88 14.68 150.06
227 92 16.88 165.52666666666667
228 96 16.88 171.44333333333336
229 100 14.76 138.52333333333328
230 104 13.48 125.92666666666669
231 108 13.2 114.91666666666664
231 112 17.12 175.11
232 116 14.76 141.52333333333328
232 120 15.0 128.33333333333334
232 124 15.0 118.08333333333333
232 128 13.72 107.54333333333335
231 132 12.96 76.12333333333336
229 136 13.6 48.91666666666666
228 140 10.24 27.773333333333326
226 144 9.92 29.993333333333325
223 148 10.92 42.99333333333332
192 152 43.0 18.916666666666668
207 156 15.08 23.326666666666668
203 160 15.8 47.416666666666664
277 188 6.48 19.26
160 68 18.96 292.20666666666665
154 72 18.8 196.33333333333334
149 76 16.48 126.50999999999999
99 80 9.48 11.759999999999996
141 84 14.48 130.26000000000002
137 88 15.96 150.45666666666668
134 92 14.16 126.80666666666667
133 96 17.04 130.45666666666665
133 100 16.72 109.04333333333334
133 104 15.24 78.94
46 108 8.72 16.209999999999997
133 112 16.4 137.25
134 116 16.16 98.72333333333334
42 120 8.0 8.75
136 124 13.52 74.76
137 128 11.4 72.25000000000001
139 132 10.96 61.623333333333335
142 136 11.12 60.52666666666669
145 140 10.4 64.33333333333333
148 144 9.4 48.166666666666686
152 148 10.16 46.72333333333332
157 152 11.12 45.27666666666667
61 156 9.56 17.590000000000007
196 68 16.68 269.2266666666667
202 72 14.92 164.2433333333333
206 76 15.92 189.82666666666668
210 80 13.56 175.1733333333333
213 84 18.24 269.69
218 88 12.8 157.41666666666666
221 92 15.12 192.36000000000004
224 96 13.32 155.06000000000003
226 100 16.56 232.92333333333337
228 104 16.04 191.20666666666662
229 108 16.44 161.92333333333337
230 112 14.64 122.90666666666665
230 116 16.72 116.12666666666668
264 120 7.48 8.676666666666668
231 124 13.2 99.75000000000001
230 128 15.24 91.77333333333333
230 132 12.0 75.41666666666667
229 136 11.28 70.04333333333334
227 140 11.24 31.523333333333326
221 144 20.44 58.423333333333346
220 148 15.56 50.923333333333325
319 152 10.68 18.309999999999995
207 156 19.28 35.37666666666666
191 160 22.64 29.823333333333334
277 188 7.48 24.26
165 40 9.44 8.673333333333334
98 76 9.32 16.143333333333334
174 84 18.2 214.49999999999997
166 88 17.24 189.27333333333334
161 92 18.4 190.33333333333334
156 96 17.76 149.02333333333334
151 100 16.4 122.41666666666667
146 104 15.08 106.66000000000001
143 108 18.56 154.09
140 112 18.04 186.78999999999996
41 116 8.12 10.776666666666669
136 120 14.32 99.97666666666667
135 124 14.64 115.99
135 128 15.64 113.40666666666668
135 132 15.4 125.33333333333336
135 136 15.44 143.42333333333332
135 140 13.32 105.39333333333336
136 144 13.92 79.91000000000001
137 148 10.8 56.5
140 152 11.84 53.223333333333336
143 156 11.68 42.30999999999999
146 160 11.12 38.60999999999999
150 164 11.24 35.10666666666666
162 168 28.2 61.00000000000001
166 172 22.8 49.74999999999998
171 176 10.76 34.69
319 52 10.0 60.416666666666664
206 84 16.72 219.0433333333333
214 88 13.88 145.60999999999996
218 92 18.12 229.02666666666667
223 96 17.04 233.4566666666666
227 100 17.24 216.85666666666665
231 104 14.6 162.24999999999997
234 108 16.32 189.64333333333332
236 112 16.64 172.5733333333333
238 116 12.68 112.47666666666667
261 120 7.4 19.916666666666668
240 124 13.52 100.00999999999998
240 128 12.56 105.00666666666666
238 132 12.48 96.09333333333336
236 136 13.68 93.22666666666667
234 140 11.8 56.083333333333336
232 144 10.56 51.673333333333325
228 148 13.56 52.92333333333334
316 152 10.76 25.35666666666666
221 156 10.8 46.50000000000001
217 160 10.16 42.72333333333332
212 164 11.16 49.889999999999986
207 168 9.44 37.67333333333335
196 172 17.92 69.41000000000001
188 176 10.68 43.393333333333324
272 188 7.12 22.77666666666667
162 48 15.52 201.51
155 52 15.32 169.22666666666666
149 56 15.72 133.6266666666667
146 60 18.2 178.91666666666666
143 64 15.24 129.7733333333333
140 68 12.28 74.87666666666667
138 72 14.92 78.24333333333333
136 76 15.2 90.08333333333333
134 80 15.6 74.91666666666667
133 84 16.24 72.27333333333335
132 88 13.72 67.87666666666667
132 92 14.48 71.17666666666666
132 96 13.56 64.17333333333333
133 100 13.6 55.41666666666666
134 104 13.76 51.77333333333333
135 108 13.64 65.57333333333332
46 112 8.76 16.273333333333333
138 116 10.92 46.66
150 120 24.24 15.689999999999998
160 128 29.48 44.176666666666655
166 132 30.4 27.66666666666667
169 136 24.16 54.139999999999986
190 52 17.28 299.6266666666666
198 56 15.52 223.76000000000002
204 60 13.76 182.94000000000005
209 64 16.0 207.5
214 68 15.24 198.69000000000003
218 72 14.88 191.35999999999999
221 76 16.8 269.4166666666667
224 80 15.36 206.65666666666672
227 84 12.76 152.85666666666668
228 88 19.68 232.3933333333333
230 92 16.8 193.83333333333337
231 96 16.4 162.08333333333334
232 100 13.92 146.74333333333334
232 104 20.76 241.02333333333328
234 108 11.48 94.26
268 112 7.08 12.326666666666666
232 116 12.72 84.46000000000002
229 120 12.56 59.423333333333346
227 124 12.36 79.32333333333331
224 128 14.2 107.08333333333331
222 132 14.8 176.83333333333334
219 136 8.64 51.40666666666669
214 140 10.36 53.739999999999974
189 144 23.84 38.14000000000001
190 148 11.2 29.83333333333333
280 180 7.12 19.44333333333333
