0100 0003
0074 0088 0006  0006
0050 0035 0008  0009
0009 0185 0005  0006
0043 0106 0007  0010
0028 0133 0006  0011
0073 0063 0008  0000
0049 0219 0005  0005
0068 0234 0005  0007
0049 0121 0006  0011
0012 0125 0007  0012
0008 0148 0007  0012
0010 0194 0004  0001
0029 0112 0007  0005
0046 0037 0008  0014
0011 0004 0009  0019
0003 0144 0007  0002
0075 0212 0005  0012
0035 0083 0008  0013
0027 0051 0009  0002
0038 0065 0007  0015
0006 0145 0006  0010
0075 0103 0007  0002
0009 0200 0004  0007
0030 0120 0008  0003
0061 0221 0005  0002
0001 0139 0007  0003
0039 0156 0006  0009
0049 0222 0004  0003
0013 0219 0005  0003
0044 0069 0008  0003
0042 0190 0005  0010
0072 0090 0007  0003
0000 0140 0006  0002
0029 0174 0006  0010
0061 0203 0004  0009
0049 0137 0006  0011
0023 0220 0005  0000
0043 0004 0009  0015
0033 0107 0007  0013
0008 0134 0007  0015
0001 0076 0008  0002
0073 0057 0008  0002
0016 0116 0007  0006
0012 0129 0007  0002
0044 0072 0007  0014
0056 0110 0007  0003
0048 0215 0005  0003
0041 0055 0008  0018
0027 0152 0005  0010
0015 0039 0009  0014
0077 0042 0007  0011
0069 0016 0010  0002
0054 0092 0006  0013
0000 0167 0005  0008
0026 0019 0010  0011
0002 0002 0010  0016
0013 0183 0005  0010
0033 0231 0005  0007
0078 0101 0006  0013
0076 0197 0004  0006
0012 0216 0005  0001
0033 0234 0005  0007
0027 0011 0010  0014
0017 0042 0010  0006
0054 0180 0005  0010
0034 0187 0005  0006
0039 0084 0007  0011
0075 0123 0007  0010
0014 0079 0007  0014
0066 0189 0005  0006
0043 0106 0007  0010
0012 0076 0008  0003
0061 0034 0009  0004
0072 0059 0008  0006
0032 0061 0007  0014
0023 0024 0008  0015
0043 0187 0006  0003
0062 0141 0008  0014
0024 0163 0007  0002
0043 0089 0008  0005
0034 0120 0007  0002
0065 0135 0006  0011
0038 0228 0004  0004
0027 0159 0008  0004
0061 0079 0007  0004
0065 0115 0008  0000
0003 0183 0006  0001
0059 0078 0007  0013
0020 0150 0006  0002
0019 0171 0005  0009
0055 0226 0004  0000
0036 0069 0007  0006
0053 0049 0008  0018
0016 0216 0005  0002
0080 0012 0011  0010
0057 0179 0005  0001
0000 0195 0004  0003
0078 0115 0007  0013
0064 0228 0005  0005
0027 0178 0006  0001
Средние значения: M= 0006 D = 0007
