0100 0003
0118 0080 0015  0130
0118 0082 0020  0113
0117 0084 0015  0065
0117 0086 0016  0091
0117 0088 0017  0063
0117 0090 0016  0066
0117 0094 0014  0040
0117 0096 0012  0046
0118 0098 0013  0057
0119 0100 0016  0063
0119 0102 0013  0048
0120 0104 0012  0057
0121 0106 0014  0041
0122 0108 0014  0051
0123 0110 0012  0057
0126 0114 0016  0036
0126 0116 0010  0047
0155 0118 0024  0045
0141 0122 0029  0087
0132 0124 0012  0058
0134 0126 0013  0056
0136 0128 0013  0045
0138 0130 0013  0040
0141 0132 0014  0039
0155 0140 0017  0068
0158 0142 0017  0039
0184 0060 0012  0110
0190 0062 0011  0097
0195 0064 0012  0118
0198 0066 0013  0158
0203 0068 0010  0086
0206 0070 0012  0104
0210 0072 0008  0048
0212 0074 0012  0113
0214 0076 0013  0138
0217 0078 0008  0047
0219 0080 0009  0049
0221 0082 0008  0051
0222 0084 0012  0100
0224 0086 0010  0049
0225 0088 0012  0082
0226 0090 0014  0099
0227 0092 0014  0106
0228 0094 0010  0083
0229 0096 0010  0048
0229 0098 0017  0151
0230 0100 0014  0106
0230 0102 0017  0165
0231 0104 0013  0073
0231 0106 0013  0078
0231 0108 0012  0064
0231 0110 0010  0057
0230 0112 0014  0074
0230 0114 0011  0046
0223 0116 0018  0063
0206 0118 0020  0129
0208 0120 0021  0058
0212 0122 0020  0063
0286 0124 0009  0046
0286 0126 0008  0040
0197 0128 0032  0083
0189 0130 0026  0090
0205 0132 0022  0078
0182 0134 0026  0092
0297 0192 0010  0054
0297 0194 0008  0039
0209 0196 0007  0046
0120 0078 0030  0119
0122 0074 0029  0189
0124 0072 0038  0234
0126 0070 0035  0231
0128 0069 0043  0099
0130 0067 0041  0216
0132 0065 0035  0250
0134 0064 0039  0208
0136 0063 0038  0192
0138 0062 0034  0194
0140 0062 0040  0093
0142 0061 0033  0163
0144 0061 0039  0078
0146 0060 0032  0201
0148 0060 0034  0198
0150 0060 0039  0123
0152 0059 0030  0246
0154 0059 0034  0165
0156 0059 0037  0204
0158 0059 0040  0141
0160 0059 0041  0186
0162 0059 0043  0160
0164 0059 0048  0064
0166 0059 0051  0113
0168 0059 0053  0136
0170 0059 0051  0192
0172 0059 0044  0288
0174 0060 0051  0087
0176 0060 0044  0390
0178 0061 0049  0214
0180 0061 0045  0407
0182 0062 0052  0118
0184 0062 0042  0306
Средние значения: M= 0022 D = 0111
