0105 0003
0132 0080 0012  0038
0131 0082 0016  0067
0129 0084 0012  0054
0128 0086 0015  0093
0127 0088 0015  0060
0126 0090 0014  0043
0125 0092 0014  0076
0124 0094 0013  0087
0124 0096 0018  0110
0123 0098 0012  0039
0124 0100 0019  0094
0123 0102 0012  0068
0123 0104 0012  0059
0123 0106 0012  0055
0153 0108 0034  0121
0123 0110 0011  0055
0153 0112 0032  0085
0155 0114 0030  0117
0161 0116 0024  0037
0124 0118 0010  0032
0140 0120 0032  0070
0140 0122 0031  0088
0143 0124 0027  0052
0175 0126 0024  0092
0156 0128 0024  0050
0154 0130 0026  0060
0159 0132 0027  0086
0159 0136 0023  0091
0154 0138 0025  0051
0156 0140 0028  0075
0155 0142 0027  0067
0165 0144 0032  0033
0172 0146 0029  0084
0176 0150 0032  0040
0183 0064 0011  0058
0188 0066 0012  0074
0191 0068 0011  0088
0193 0070 0013  0104
0196 0072 0010  0040
0198 0074 0009  0056
0200 0076 0008  0059
0201 0078 0013  0118
0203 0080 0013  0104
0205 0082 0010  0087
0206 0084 0014  0131
0207 0086 0018  0149
0209 0088 0010  0051
0210 0090 0012  0074
0211 0092 0014  0120
0213 0094 0008  0048
0214 0096 0012  0127
0215 0098 0015  0132
0216 0100 0015  0165
0218 0102 0008  0055
0218 0104 0016  0151
0219 0106 0012  0111
0220 0108 0010  0068
0221 0110 0011  0078
0221 0112 0016  0159
0222 0114 0010  0061
0222 0116 0014  0104
0222 0118 0017  0114
0223 0120 0012  0059
0223 0122 0012  0095
0223 0124 0014  0111
0223 0126 0015  0094
0224 0128 0010  0050
0223 0130 0014  0066
0223 0132 0013  0052
0223 0134 0013  0060
0223 0136 0013  0060
0223 0138 0013  0074
0223 0140 0013  0068
0223 0142 0011  0050
0185 0144 0032  0068
0222 0146 0013  0040
0222 0148 0010  0037
0290 0178 0011  0049
0134 0080 0020  0110
0136 0079 0026  0060
0138 0078 0030  0112
0140 0077 0038  0140
0142 0073 0026  0194
0144 0071 0028  0132
0146 0070 0031  0130
0148 0069 0035  0046
0150 0068 0033  0099
0152 0067 0033  0162
0154 0066 0029  0147
0156 0066 0036  0106
0158 0065 0033  0191
0160 0065 0036  0097
0162 0065 0040  0106
0164 0072 0047  0063
0166 0075 0032  0075
0168 0074 0036  0051
0170 0065 0045  0073
0172 0065 0044  0057
0174 0065 0043  0127
0176 0065 0041  0201
0178 0065 0039  0185
0180 0065 0034  0290
0182 0066 0038  0139
0288 0178 0010  0051
0290 0178 0011  0049
Средние значения: M= 0020 D = 0088
