0158 0003
0151 0040 0025  0103
0141 0042 0021  0066
0134 0044 0026  0119
0126 0046 0021  0094
0121 0048 0024  0230
0117 0050 0025  0164
0113 0052 0021  0069
0111 0054 0025  0182
0109 0056 0030  0229
0106 0058 0024  0065
0104 0060 0025  0093
0102 0062 0024  0094
0100 0064 0024  0104
0099 0066 0033  0236
0097 0068 0024  0146
0096 0070 0027  0131
0095 0072 0031  0213
0093 0074 0025  0095
0092 0076 0025  0063
0092 0078 0036  0340
0090 0080 0025  0100
0089 0082 0032  0185
0087 0084 0026  0077
0086 0086 0027  0091
0085 0088 0029  0142
0084 0090 0030  0132
0083 0092 0030  0217
0082 0094 0031  0299
0081 0096 0034  0241
0080 0098 0034  0243
0079 0100 0032  0158
0078 0102 0030  0145
0078 0104 0039  0433
0077 0106 0034  0309
0076 0108 0029  0189
0076 0110 0044  0543
0075 0112 0036  0273
0074 0114 0030  0127
0074 0116 0037  0263
0074 0118 0041  0391
0074 0120 0043  0509
0073 0122 0028  0096
0073 0124 0030  0105
0073 0126 0030  0121
0073 0128 0029  0124
0074 0130 0043  0483
0074 0132 0041  0369
0074 0134 0038  0250
0074 0136 0033  0103
0074 0138 0028  0120
0075 0140 0043  0460
0075 0142 0036  0280
0075 0144 0032  0097
0076 0146 0044  0448
0076 0148 0035  0268
0076 0150 0029  0135
0076 0152 0027  0083
0077 0154 0042  0556
0077 0156 0037  0345
0077 0158 0031  0193
0078 0160 0045  0657
0078 0162 0037  0303
0078 0164 0030  0118
0079 0166 0035  0222
0080 0168 0042  0387
0080 0170 0029  0095
0081 0172 0030  0147
0082 0174 0034  0186
0083 0176 0033  0218
0084 0178 0033  0284
0085 0180 0035  0337
0086 0182 0031  0209
0087 0184 0028  0155
0088 0186 0027  0056
0090 0188 0031  0222
0091 0190 0028  0102
0092 0192 0027  0078
0094 0194 0032  0186
0095 0196 0028  0075
0200 0040 0024  0136
0207 0042 0022  0079
0212 0044 0022  0059
0216 0046 0021  0060
0219 0048 0022  0105
0222 0050 0022  0113
0224 0052 0027  0232
0227 0054 0024  0122
0229 0056 0024  0079
0231 0058 0023  0128
0233 0060 0024  0065
0235 0062 0024  0115
0237 0064 0024  0097
0239 0066 0023  0117
0241 0068 0023  0128
0243 0070 0023  0083
0244 0072 0031  0311
0246 0074 0030  0325
0248 0076 0024  0092
0249 0078 0031  0270
0251 0080 0023  0081
0252 0082 0026  0153
0253 0084 0028  0243
0254 0086 0031  0219
0255 0088 0030  0279
0256 0090 0030  0276
0257 0092 0028  0257
0258 0094 0024  0157
0258 0096 0035  0463
0259 0098 0030  0227
0260 0100 0025  0127
0261 0102 0023  0088
0261 0104 0030  0255
0261 0106 0035  0454
0261 0108 0042  0732
0262 0110 0031  0174
0262 0112 0041  0505
0263 0114 0031  0218
0263 0116 0041  0550
0264 0118 0029  0091
0264 0120 0033  0259
0264 0122 0040  0481
0265 0124 0027  0118
0265 0126 0030  0238
0265 0128 0036  0302
0265 0130 0040  0564
0266 0132 0027  0064
0266 0134 0029  0110
0266 0136 0029  0104
0266 0138 0027  0137
0266 0140 0028  0109
0266 0142 0028  0106
0266 0144 0026  0124
0265 0146 0044  0541
0265 0148 0038  0435
0265 0150 0035  0246
0265 0152 0031  0162
0265 0154 0025  0105
0264 0156 0033  0229
0264 0158 0025  0084
0263 0160 0032  0176
0262 0162 0037  0410
0262 0164 0025  0119
0261 0166 0029  0187
0260 0168 0032  0286
0259 0170 0040  0526
0259 0172 0029  0196
0258 0174 0036  0336
0258 0176 0028  0102
0257 0178 0033  0294
0257 0180 0025  0104
0256 0182 0026  0141
0255 0184 0028  0207
0254 0186 0031  0265
0254 0188 0021  0076
0252 0190 0031  0282
0251 0192 0028  0231
0250 0194 0025  0131
0249 0196 0022  0105
Средние значения: M= 0030 D = 0212
