0102 0003
0119 0080 0054  0099
0117 0082 0048  0086
0116 0084 0046  0012
0115 0086 0039  0138
0115 0088 0035  0099
0114 0090 0029  0065
0114 0092 0030  0006
0113 0094 0027  0073
0113 0096 0025  0057
0113 0098 0022  0091
0113 0100 0017  0093
0114 0102 0021  0067
0114 0104 0016  0082
0115 0106 0018  0052
0115 0108 0014  0054
0116 0110 0016  0064
0117 0112 0017  0058
0119 0114 0022  0051
0145 0116 0029  0057
0165 0118 0022  0055
0149 0120 0028  0051
0159 0122 0032  0065
0155 0124 0032  0056
0176 0126 0014  0015
0165 0128 0033  0120
0169 0134 0034  0047
0169 0136 0028  0019
0190 0056 0005  0009
0199 0058 0005  0011
0205 0060 0006  0003
0210 0062 0004  0006
0213 0064 0005  0001
0215 0066 0004  0007
0218 0068 0005  0000
0220 0070 0005  0003
0222 0072 0005  0000
0223 0074 0005  0011
0224 0076 0006  0011
0225 0078 0006  0006
0226 0080 0004  0011
0227 0082 0005  0001
0228 0084 0005  0009
0228 0086 0005  0003
0228 0088 0004  0005
0229 0090 0005  0011
0229 0092 0006  0005
0229 0094 0006  0001
0206 0096 0007  0003
0203 0098 0031  0022
0208 0100 0006  0011
0194 0102 0028  0016
0230 0104 0005  0009
0230 0106 0005  0004
0186 0108 0025  0056
0185 0110 0022  0042
0208 0112 0006  0006
0208 0114 0005  0011
0211 0118 0006  0003
0209 0120 0005  0010
0199 0128 0026  0052
0201 0130 0024  0010
0199 0132 0023  0023
0181 0134 0030  0066
0193 0136 0026  0007
0189 0138 0031  0039
0300 0194 0003  0001
0301 0196 0003  0004
0121 0079 0046  0109
0123 0077 0032  0051
0125 0075 0037  0020
0127 0074 0041  0015
0129 0072 0045  0047
0131 0071 0039  0091
0133 0070 0032  0078
0135 0069 0036  0064
0137 0068 0044  0110
0139 0066 0048  0082
0141 0065 0048  0073
0143 0064 0043  0095
0145 0063 0040  0117
0147 0063 0027  0073
0149 0062 0027  0048
0151 0061 0035  0028
0153 0061 0043  0105
0155 0060 0048  0139
0157 0060 0050  0091
0159 0059 0049  0037
0161 0059 0048  0043
0163 0058 0050  0042
0165 0058 0050  0069
0167 0058 0050  0094
0169 0058 0052  0058
0171 0058 0054  0019
0173 0058 0054  0075
0175 0058 0052  0129
0177 0058 0048  0145
0179 0058 0054  0084
0181 0069 0036  0077
0183 0058 0051  0048
0185 0058 0036  0250
0187 0058 0019  0295
0189 0058 0007  0038
Средние значения: M= 0025 D = 0050
