0099 0003
0148 0080 0009  0045
0147 0082 0011  0111
0146 0084 0016  0126
0145 0086 0017  0136
0143 0088 0010  0055
0142 0090 0011  0064
0142 0092 0018  0135
0141 0094 0013  0127
0140 0096 0012  0083
0140 0098 0016  0140
0139 0100 0013  0108
0139 0102 0017  0103
0138 0104 0011  0066
0138 0106 0015  0081
0137 0108 0011  0061
0137 0110 0014  0056
0137 0112 0016  0074
0136 0114 0010  0060
0136 0116 0011  0097
0136 0118 0013  0145
0136 0120 0016  0139
0136 0122 0016  0114
0135 0124 0010  0050
0135 0126 0011  0060
0135 0128 0012  0077
0135 0130 0013  0064
0135 0132 0011  0050
0135 0134 0011  0040
0136 0136 0014  0067
0136 0138 0014  0066
0177 0140 0029  0078
0160 0142 0037  0102
0137 0144 0013  0042
0173 0146 0036  0090
0169 0148 0039  0073
0174 0150 0038  0101
0184 0064 0010  0043
0192 0066 0009  0069
0202 0068 0010  0084
0206 0070 0011  0130
0209 0072 0011  0082
0212 0074 0010  0047
0214 0076 0012  0075
0216 0078 0012  0082
0218 0080 0011  0117
0219 0082 0013  0141
0221 0084 0010  0056
0222 0086 0015  0138
0223 0088 0018  0208
0225 0090 0010  0110
0226 0092 0011  0104
0227 0094 0011  0105
0228 0096 0010  0047
0228 0098 0015  0121
0229 0100 0009  0039
0229 0102 0010  0075
0229 0104 0011  0064
0229 0106 0011  0040
0229 0108 0009  0047
0228 0110 0015  0100
0228 0112 0014  0093
0228 0114 0011  0068
0278 0116 0007  0047
0227 0118 0011  0069
0227 0120 0010  0034
0226 0122 0013  0061
0226 0124 0010  0064
0225 0126 0011  0060
0224 0128 0013  0036
0223 0130 0014  0050
0223 0132 0009  0056
0222 0134 0010  0054
0221 0136 0011  0048
0220 0138 0014  0059
0204 0140 0043  0078
0193 0142 0043  0047
0218 0144 0011  0036
0199 0148 0036  0074
0188 0150 0040  0093
0291 0184 0008  0050
0292 0186 0010  0038
0152 0079 0034  0113
0154 0077 0036  0156
0156 0075 0036  0205
0158 0073 0031  0213
0160 0072 0034  0187
0162 0071 0037  0073
0164 0069 0029  0167
0166 0068 0029  0203
0168 0068 0038  0067
0170 0067 0032  0218
0172 0067 0035  0111
0174 0066 0028  0140
0176 0066 0032  0073
0178 0066 0029  0073
0180 0066 0027  0077
0182 0069 0027  0048
0184 0066 0023  0064
0290 0184 0007  0043
Средние значения: M= 0017 D = 0087
