0102
0119 0080
0117 0082
0116 0084
0115 0086
0115 0088
0114 0090
0114 0092
0113 0094
0113 0096
0113 0098
0113 0100
0114 0102
0114 0104
0115 0106
0115 0108
0116 0110
0117 0112
0119 0114
0145 0116
0165 0118
0149 0120
0159 0122
0155 0124
0176 0126
0165 0128
0169 0134
0169 0136
0190 0056
0199 0058
0205 0060
0210 0062
0213 0064
0215 0066
0218 0068
0220 0070
0222 0072
0223 0074
0224 0076
0225 0078
0226 0080
0227 0082
0228 0084
0228 0086
0228 0088
0229 0090
0229 0092
0229 0094
0206 0096
0203 0098
0208 0100
0194 0102
0230 0104
0230 0106
0186 0108
0185 0110
0208 0112
0208 0114
0211 0118
0209 0120
0199 0128
0201 0130
0199 0132
0181 0134
0193 0136
0189 0138
0300 0194
0301 0196
0121 0079
0123 0077
0125 0075
0127 0074
0129 0072
0131 0071
0133 0070
0135 0069
0137 0068
0139 0066
0141 0065
0143 0064
0145 0063
0147 0063
0149 0062
0151 0061
0153 0061
0155 0060
0157 0060
0159 0059
0161 0059
0163 0058
0165 0058
0167 0058
0169 0058
0171 0058
0173 0058
0175 0058
0177 0058
0179 0058
0181 0069
0183 0058
0185 0058
0187 0058
0189 0058
