0256
0115 0050
0111 0052
0107 0054
0104 0056
0100 0058
0098 0060
0095 0062
0093 0064
0091 0066
0089 0068
0088 0070
0086 0072
0085 0074
0083 0076
0082 0078
0081 0080
0080 0082
0079 0084
0078 0086
0077 0088
0076 0090
0074 0092
0073 0094
0072 0096
0071 0098
0070 0100
0069 0102
0068 0104
0067 0106
0066 0108
0066 0110
0065 0112
0065 0114
0064 0116
0064 0118
0064 0120
0063 0122
0063 0124
0063 0126
0062 0128
0062 0130
0062 0132
0062 0134
0062 0136
0062 0138
0062 0140
0062 0142
0062 0144
0062 0146
0062 0148
0062 0150
0062 0152
0062 0154
0063 0156
0063 0158
0063 0160
0063 0162
0064 0164
0065 0166
0066 0168
0066 0170
0067 0172
0068 0174
0069 0176
0070 0178
0071 0180
0072 0182
0074 0184
0075 0186
0183 0042
0188 0044
0193 0046
0198 0048
0202 0050
0207 0052
0211 0054
0215 0056
0218 0058
0220 0060
0223 0062
0225 0064
0228 0066
0230 0068
0232 0070
0234 0072
0236 0074
0238 0076
0240 0078
0241 0080
0242 0082
0244 0084
0245 0086
0246 0088
0247 0090
0248 0092
0249 0094
0250 0096
0250 0098
0251 0100
0252 0102
0252 0104
0252 0106
0252 0108
0253 0110
0253 0112
0253 0114
0254 0116
0254 0118
0254 0120
0254 0122
0255 0124
0255 0126
0255 0128
0255 0130
0256 0132
0256 0134
0256 0136
0256 0138
0256 0140
0256 0142
0255 0144
0255 0146
0255 0148
0255 0150
0254 0152
0254 0154
0253 0156
0253 0158
0252 0160
0251 0162
0251 0164
0250 0166
0249 0168
0248 0170
0247 0172
0246 0174
0245 0176
0244 0178
0243 0180
0242 0182
0241 0184
0240 0186
0239 0188
0238 0190
0237 0192
0236 0194
0234 0196
0121 0050
0123 0050
0125 0049
0127 0048
0129 0047
0131 0046
0133 0045
0135 0044
0137 0044
0139 0043
0141 0042
0143 0041
0145 0041
0147 0041
0149 0040
0151 0040
0153 0040
0155 0040
0157 0039
0159 0039
0161 0039
0163 0039
0165 0040
0167 0040
0169 0040
0171 0041
0173 0041
0175 0042
0177 0043
0179 0043
0181 0044
0183 0045
0081 0190
0083 0193
0085 0196
0087 0199
0089 0202
0091 0205
0093 0208
0095 0210
0097 0212
0099 0215
0101 0216
0103 0218
0105 0219
0107 0220
0109 0222
0111 0223
0113 0224
0115 0225
0117 0226
0119 0227
0121 0228
0123 0228
0125 0229
0127 0229
0129 0230
0131 0230
0133 0230
0135 0231
0137 0231
0139 0231
0141 0231
0143 0231
0145 0231
0147 0232
0149 0232
0151 0232
0153 0232
0155 0232
0157 0233
0159 0233
0161 0233
0163 0233
0165 0233
0167 0233
0169 0233
0171 0233
0173 0233
0175 0233
0177 0232
0179 0232
0181 0231
0183 0231
0185 0230
0187 0229
0189 0228
0191 0227
0193 0226
0195 0225
0197 0224
0199 0223
0201 0222
0203 0220
0205 0219
0207 0217
0209 0216
0211 0214
0213 0213
0215 0212
0217 0210
0219 0209
0221 0207
0223 0205
0225 0204
0227 0201
0229 0199
0231 0197
0233 0194
