0100
0157 0080
0156 0082
0155 0084
0154 0086
0153 0088
0153 0090
0152 0092
0152 0094
0151 0096
0151 0098
0150 0100
0150 0102
0150 0104
0150 0106
0150 0108
0151 0110
0151 0112
0152 0114
0152 0116
0152 0118
0153 0120
0155 0122
0156 0124
0156 0126
0157 0130
0162 0132
0159 0134
0168 0136
0213 0050
0218 0052
0220 0054
0224 0056
0227 0058
0230 0060
0231 0062
0232 0064
0234 0066
0238 0068
0240 0070
0242 0072
0243 0074
0244 0076
0245 0078
0245 0080
0245 0082
0245 0084
0245 0086
0245 0088
0246 0090
0246 0092
0246 0094
0246 0096
0246 0098
0246 0100
0245 0102
0245 0104
0244 0106
0244 0108
0243 0110
0190 0112
0199 0114
0197 0116
0202 0118
0232 0120
0232 0122
0232 0124
0231 0126
0230 0128
0227 0130
0222 0132
0186 0136
0215 0138
0207 0140
0161 0078
0163 0074
0165 0072
0167 0068
0169 0066
0171 0064
0173 0062
0175 0060
0177 0059
0179 0057
0181 0056
0183 0055
0185 0054
0187 0053
0189 0053
0191 0052
0193 0052
0195 0052
0197 0051
0199 0051
0201 0051
0203 0051
0205 0051
0207 0051
0209 0051
0211 0052
0213 0052
