0158
0151 0040
0141 0042
0134 0044
0126 0046
0121 0048
0117 0050
0113 0052
0111 0054
0109 0056
0106 0058
0104 0060
0102 0062
0100 0064
0099 0066
0097 0068
0096 0070
0095 0072
0093 0074
0092 0076
0092 0078
0090 0080
0089 0082
0087 0084
0086 0086
0085 0088
0084 0090
0083 0092
0082 0094
0081 0096
0080 0098
0079 0100
0078 0102
0078 0104
0077 0106
0076 0108
0076 0110
0075 0112
0074 0114
0074 0116
0074 0118
0074 0120
0073 0122
0073 0124
0073 0126
0073 0128
0074 0130
0074 0132
0074 0134
0074 0136
0074 0138
0075 0140
0075 0142
0075 0144
0076 0146
0076 0148
0076 0150
0076 0152
0077 0154
0077 0156
0077 0158
0078 0160
0078 0162
0078 0164
0079 0166
0080 0168
0080 0170
0081 0172
0082 0174
0083 0176
0084 0178
0085 0180
0086 0182
0087 0184
0088 0186
0090 0188
0091 0190
0092 0192
0094 0194
0095 0196
0200 0040
0207 0042
0212 0044
0216 0046
0219 0048
0222 0050
0224 0052
0227 0054
0229 0056
0231 0058
0233 0060
0235 0062
0237 0064
0239 0066
0241 0068
0243 0070
0244 0072
0246 0074
0248 0076
0249 0078
0251 0080
0252 0082
0253 0084
0254 0086
0255 0088
0256 0090
0257 0092
0258 0094
0258 0096
0259 0098
0260 0100
0261 0102
0261 0104
0261 0106
0261 0108
0262 0110
0262 0112
0263 0114
0263 0116
0264 0118
0264 0120
0264 0122
0265 0124
0265 0126
0265 0128
0265 0130
0266 0132
0266 0134
0266 0136
0266 0138
0266 0140
0266 0142
0266 0144
0265 0146
0265 0148
0265 0150
0265 0152
0265 0154
0264 0156
0264 0158
0263 0160
0262 0162
0262 0164
0261 0166
0260 0168
0259 0170
0259 0172
0258 0174
0258 0176
0257 0178
0257 0180
0256 0182
0255 0184
0254 0186
0254 0188
0252 0190
0251 0192
0250 0194
0249 0196
