0116
0173 0080
0172 0082
0171 0084
0170 0086
0170 0088
0169 0090
0169 0092
0169 0094
0169 0096
0169 0098
0169 0100
0169 0102
0170 0104
0170 0106
0170 0108
0171 0110
0172 0112
0174 0116
0177 0122
0223 0054
0226 0056
0230 0058
0235 0060
0238 0062
0240 0064
0243 0066
0245 0068
0247 0070
0249 0072
0250 0074
0251 0076
0252 0078
0253 0080
0254 0082
0255 0084
0257 0086
0258 0088
0258 0090
0259 0092
0260 0094
0261 0096
0261 0098
0262 0100
0263 0102
0264 0104
0264 0106
0265 0108
0265 0110
0266 0112
0266 0114
0266 0116
0266 0118
0266 0120
0266 0122
0266 0124
0266 0126
0266 0128
0265 0130
0217 0132
0238 0134
0243 0136
0196 0138
0209 0140
0204 0142
0217 0144
0221 0146
0231 0148
0229 0152
0286 0182
0175 0079
0177 0075
0179 0071
0181 0070
0183 0068
0185 0067
0187 0066
0189 0065
0191 0064
0193 0062
0195 0061
0197 0060
0199 0059
0201 0059
0203 0060
0205 0059
0207 0057
0209 0057
0211 0056
0213 0058
0215 0055
0217 0055
0219 0055
0221 0055
0223 0057
0181 0128
0183 0129
0189 0137
0191 0126
0193 0140
0195 0136
0197 0142
0199 0142
0201 0139
0203 0141
0205 0144
0207 0145
0209 0140
0211 0147
0213 0145
0215 0134
0217 0144
0219 0146
0221 0146
0227 0152
0237 0134
0243 0136
