0052
0165 0040
0098 0076
0174 0084
0166 0088
0161 0092
0156 0096
0151 0100
0146 0104
0143 0108
0140 0112
0041 0116
0136 0120
0135 0124
0135 0128
0135 0132
0135 0136
0135 0140
0136 0144
0137 0148
0140 0152
0143 0156
0146 0160
0150 0164
0162 0168
0166 0172
0171 0176
0319 0052
0206 0084
0214 0088
0218 0092
0223 0096
0227 0100
0231 0104
0234 0108
0236 0112
0238 0116
0261 0120
0240 0124
0240 0128
0238 0132
0236 0136
0234 0140
0232 0144
0228 0148
0316 0152
0221 0156
0217 0160
0212 0164
0207 0168
0196 0172
0188 0176
0272 0188
