0050
0161 0068
0156 0072
0102 0076
0150 0080
0147 0084
0145 0088
0144 0092
0143 0096
0142 0100
0048 0104
0141 0108
0141 0112
0142 0116
0142 0120
0143 0124
0143 0128
0145 0132
0146 0136
0147 0140
0149 0144
0150 0148
0159 0152
0174 0156
0164 0160
0199 0064
0207 0068
0214 0072
0219 0076
0222 0080
0224 0084
0226 0088
0227 0092
0228 0096
0229 0100
0230 0104
0231 0108
0231 0112
0232 0116
0232 0120
0232 0124
0232 0128
0231 0132
0229 0136
0228 0140
0226 0144
0223 0148
0192 0152
0207 0156
0203 0160
0277 0188
