112 80 19.92 135.82666666666668
111 82 15.44 80.42333333333333
111 84 16.56 96.34000000000002
111 86 17.12 91.94333333333337
111 88 16.64 89.65666666666668
111 90 16.4 94.33333333333331
111 92 15.68 92.56
111 94 14.96 82.12333333333332
112 96 18.48 97.76
112 98 16.04 92.45666666666665
113 100 18.6 107.66666666666667
113 102 15.36 86.49
114 104 16.84 79.05666666666666
114 106 13.84 52.55666666666665
115 108 15.36 52.07333333333333
116 110 16.6 69.41666666666667
116 112 13.08 60.99333333333336
118 114 16.84 71.39
118 116 13.08 63.24333333333334
158 118 38.96 69.87333333333335
120 120 14.08 48.826666666666675
120 122 11.68 44.559999999999995
140 124 25.92 30.243333333333336
143 126 24.32 36.05999999999999
147 128 28.0 70.58333333333333
148 130 31.4 58.08333333333334
157 132 26.4 20.166666666666668
145 134 26.52 32.25999999999999
144 136 26.68 35.393333333333324
170 138 29.8 39.833333333333336
164 140 24.64 18.406666666666666
183 54 13.48 198.17666666666665
185 56 17.36 271.74
188 58 16.44 268.84000000000003
190 60 17.92 294.82666666666665
192 62 18.96 345.29
194 64 20.08 530.5766666666667
196 66 15.36 346.1566666666666
197 68 16.24 326.94000000000005
198 70 14.64 202.15666666666667
199 72 13.64 185.73999999999998
199 74 18.96 247.62333333333333
200 76 15.88 178.85999999999999
200 78 19.52 193.17666666666662
201 80 16.56 149.42333333333335
202 82 14.44 120.58999999999999
202 84 18.12 165.77666666666667
203 86 15.24 150.1899999999999
203 88 17.52 172.84333333333333
204 90 13.88 134.35999999999999
204 92 15.84 155.80666666666664
204 94 17.68 152.14333333333332
205 96 14.52 114.84333333333336
205 98 16.16 130.97333333333333
205 100 17.44 135.84
206 102 14.4 101.75000000000001
206 104 15.24 103.85666666666664
206 106 16.64 103.74
206 108 17.6 114.75000000000004
207 110 13.2 95.66666666666667
206 112 17.64 113.24
206 114 16.4 108.25000000000001
206 116 15.68 109.97666666666667
206 118 15.12 103.19333333333334
206 120 14.52 88.17666666666666
206 122 12.84 77.30666666666667
205 124 14.4 92.58333333333337
278 126 7.56 14.840000000000009
204 128 13.6 73.66666666666666
204 130 11.72 58.960000000000015
203 132 12.52 66.51
202 134 14.24 62.44
202 136 11.52 52.34333333333331
200 138 15.12 53.77666666666667
199 140 14.36 45.24
199 142 10.8 43.58333333333332
194 150 10.76 36.856666666666655
290 194 7.64 21.406666666666666
290 196 7.36 22.156666666666666
112 80 19.92 135.82666666666668
114 75 28.08 231.41000000000005
116 70 31.68 292.72666666666663
118 66 34.04 361.78999999999996
120 63 38.04 368.7066666666667
122 60 34.2 275.25000000000006
124 58 33.88 265.11
126 57 36.72 213.12666666666675
128 55 33.4 287.25000000000006
130 54 32.12 217.02666666666667
132 53 30.48 201.92666666666665
134 52 28.96 200.78999999999996
136 51 27.28 206.95999999999995
138 51 29.96 166.37333333333336
140 51 31.68 159.56000000000003
142 53 46.48 71.84333333333335
144 53 44.84 60.13999999999999
146 50 26.92 208.49333333333334
148 50 26.8 174.91666666666666
150 50 28.0 175.83333333333334
152 50 33.0 205.5
154 50 36.76 157.1066666666667
156 49 30.64 225.32333333333327
158 50 40.32 83.39333333333333
160 49 35.32 292.39333333333326
162 49 37.12 308.2766666666666
164 49 36.4 316.91666666666663
166 49 34.08 298.82666666666677
168 49 33.04 315.03999999999996
170 50 38.68 266.06
172 50 32.44 308.09
174 51 34.32 295.8933333333334
176 52 34.24 359.69000000000005
178 54 42.16 387.3066666666666
180 55 40.8 413.4166666666667
182 56 37.4 403.3333333333333
288 194 7.04 23.623333333333335
142 80 16.64 154.49
140 82 15.36 151.07333333333335
139 84 18.52 216.17666666666665
137 86 15.8 219.83333333333337
136 88 16.72 229.62666666666664
135 90 16.96 206.95666666666668
133 92 14.2 135.58333333333334
132 94 16.12 153.6933333333333
131 96 16.56 169.50666666666666
130 98 16.84 158.55666666666667
129 100 16.84 163.55666666666664
128 102 17.16 157.89000000000001
127 104 16.72 139.37666666666667
125 106 12.0 72.0
125 108 16.56 126.09000000000002
124 110 14.8 102.16666666666667
124 112 16.76 108.02333333333333
123 114 13.08 60.74333333333333
123 116 14.08 77.41
123 118 15.12 84.52666666666666
123 120 15.92 81.91
123 122 16.2 62.24999999999999
122 124 13.56 54.00666666666668
122 126 14.52 68.42666666666668
122 128 14.76 78.77333333333334
122 130 14.12 73.02666666666666
122 132 13.56 62.33999999999998
122 134 13.24 61.939999999999976
122 136 12.8 57.083333333333336
161 138 17.76 37.93999999999999
160 140 16.88 30.943333333333342
159 142 18.8 31.666666666666668
156 144 21.0 28.166666666666668
124 146 12.64 42.57333333333333
124 148 10.64 40.156666666666666
161 152 23.84 36.97333333333332
176 154 24.56 17.25666666666667
189 60 18.4 302.25
195 62 13.24 159.68999999999997
197 64 16.6 156.75000000000003
201 66 11.68 92.72666666666669
203 68 11.88 100.11
204 70 15.2 126.33333333333333
206 72 12.56 93.50666666666666
207 74 15.16 120.47333333333331
209 76 12.64 103.73999999999997
211 78 12.04 110.04000000000002
213 80 13.48 143.09333333333333
214 82 17.8 150.08333333333331
216 84 16.0 136.16666666666666
218 86 14.52 152.17666666666665
219 88 15.96 144.54
220 90 17.48 178.50999999999996
221 92 18.44 200.00666666666666
222 94 16.76 174.44000000000003
223 96 14.0 118.33333333333333
223 98 16.28 147.54333333333335
223 100 16.52 163.42666666666668
223 102 16.52 175.59333333333333
223 104 16.92 195.40999999999994
223 106 17.28 184.2933333333333
223 108 15.52 150.59333333333333
223 110 15.64 145.82333333333327
223 112 15.68 137.14333333333335
223 114 15.0 127.16666666666667
223 116 13.52 100.67666666666666
222 118 18.4 191.41666666666666
222 120 15.08 177.7433333333333
221 122 16.16 182.97333333333336
283 124 7.44 17.173333333333332
283 126 7.48 16.843333333333334
218 128 11.72 45.21
187 130 23.2 33.75
214 132 14.08 46.74333333333334
212 134 15.28 57.71
210 136 17.16 75.64
209 138 15.24 91.69
207 140 16.52 97.01000000000003
206 142 12.32 83.05999999999999
204 144 12.08 65.16000000000001
202 146 11.72 52.876666666666665
200 148 11.36 61.40666666666666
197 150 13.6 61.666666666666664
195 152 12.12 45.276666666666664
291 194 6.68 22.06
144 80 29.76 226.6066666666666
146 78 31.24 224.10666666666665
148 76 33.12 193.35999999999999
150 73 27.24 202.60666666666665
152 72 31.52 164.09333333333328
154 70 27.48 176.42666666666665
156 69 30.16 211.30666666666664
158 68 32.68 222.4766666666666
160 67 34.4 243.75
162 66 35.88 269.60999999999996
164 65 36.6 292.4166666666667
166 64 35.76 301.8566666666666
168 63 34.76 346.69000000000005
170 63 41.84 299.5566666666667
172 62 37.2 421.75
174 62 40.92 381.74333333333334
176 62 43.88 297.02666666666664
178 61 36.88 422.85999999999996
180 61 40.04 424.3733333333333
182 61 39.8 412.0
184 61 36.72 400.29333333333335
186 61 32.44 338.42333333333335
188 62 34.92 262.82666666666665
118 80 18.48 148.3433333333333
118 82 20.52 132.01
117 84 16.72 99.87666666666667
117 86 17.16 82.30666666666667
117 88 17.2 62.583333333333314
117 90 16.08 48.576666666666675
117 94 14.16 44.22333333333333
117 96 12.84 48.14000000000001
118 98 14.64 60.49
119 100 16.64 71.24
119 102 13.56 58.59
120 104 14.36 61.23999999999999
121 106 14.88 66.36
122 108 14.32 58.72666666666669
123 110 13.56 54.00666666666667
126 114 15.48 51.84333333333333
126 116 11.36 43.99
155 118 24.44 21.09
141 122 29.84 35.14000000000001
132 124 13.04 59.79
134 126 13.84 56.72333333333333
136 128 13.76 58.27333333333333
138 130 12.8 50.333333333333336
141 132 14.12 57.69333333333335
155 140 18.24 61.94
158 142 17.04 67.62333333333333
184 60 18.4 302.50000000000006
190 62 19.36 367.24
195 64 18.12 313.5266666666666
198 66 19.0 331.0833333333333
203 68 15.36 200.99
206 70 16.6 221.4166666666667
210 72 13.04 151.70666666666668
212 74 15.64 188.5733333333333
214 76 16.68 196.39333333333332
217 78 12.4 144.5
219 80 12.92 139.4933333333333
221 82 12.56 140.08999999999997
222 84 16.08 175.3266666666667
224 86 13.8 131.33333333333334
225 88 15.48 156.67666666666668
226 90 17.0 168.33333333333334
227 92 16.8 155.16666666666669
228 94 15.28 145.54333333333332
229 96 14.12 135.44333333333336
229 98 18.76 165.0233333333333
230 100 16.6 154.91666666666669
230 102 19.56 165.50666666666666
231 104 15.0 110.83333333333333
231 106 15.52 112.92666666666669
231 108 14.64 101.65666666666665
231 110 12.88 83.10999999999997
230 112 13.88 62.86000000000001
230 114 11.8 46.75
223 116 20.28 34.29333333333334
206 118 21.24 99.10666666666667
208 120 22.12 81.86
212 122 19.36 37.489999999999995
286 124 7.76 16.94
286 126 7.72 16.70999999999999
197 128 28.48 39.67666666666666
189 130 26.2 37.833333333333336
205 132 22.48 28.426666666666666
182 134 26.28 32.96
297 192 7.44 23.423333333333332
297 194 6.96 25.789999999999996
209 196 6.12 16.776666666666667
120 78 27.12 181.86
122 74 28.6 239.9166666666667
124 72 33.52 242.01
126 70 33.72 265.2933333333333
128 69 38.04 211.9566666666668
130 67 36.36 294.4066666666666
132 65 32.48 282.76
134 64 34.12 247.61000000000004
136 63 33.72 255.7933333333333
138 62 31.32 289.14333333333326
140 62 35.48 223.25999999999996
142 61 31.04 257.7066666666666
144 61 34.68 216.81000000000006
146 60 29.68 273.06
148 60 32.08 261.16
150 60 34.68 227.31000000000003
152 59 29.64 279.6566666666667
154 59 31.88 294.19333333333344
156 59 33.96 293.45666666666676
158 59 35.56 278.09
160 59 36.36 287.1566666666667
162 59 38.68 317.0599999999999
164 59 41.68 304.3099999999999
166 59 44.44 299.09
168 59 45.6 326.3333333333333
170 59 43.12 395.9433333333333
172 59 39.08 428.7433333333334
174 60 44.6 315.50000000000006
176 60 39.04 453.20666666666665
178 61 43.48 338.75999999999993
180 61 39.56 441.5900000000001
182 62 43.72 323.6266666666666
184 62 38.16 431.7233333333333
132 80 13.36 57.49
131 82 16.28 74.62666666666667
129 84 14.84 78.05666666666666
128 86 16.08 88.32666666666667
127 88 16.12 69.61
126 90 16.28 85.21000000000001
125 92 16.48 101.50999999999999
124 94 15.8 98.83333333333331
124 96 18.24 108.35666666666667
123 98 15.08 79.57666666666667
124 100 18.72 89.62666666666668
123 102 14.04 72.62333333333333
123 104 13.6 64.08333333333333
123 106 12.92 53.076666666666675
153 108 32.84 42.30666666666668
123 110 12.2 41.00000000000001
153 112 29.52 57.25999999999999
155 114 30.32 68.56
161 116 25.12 30.86
124 118 10.84 31.140000000000004
140 120 29.72 35.29333333333333
140 122 29.72 31.62666666666667
143 124 28.4 34.25
175 126 24.24 36.44
156 128 25.52 50.42666666666668
154 130 27.04 27.456666666666678
159 132 26.84 47.473333333333336
159 136 23.24 34.35666666666666
154 138 25.76 18.69
156 140 28.44 27.256666666666664
155 142 26.36 28.40666666666667
165 144 28.16 38.72333333333333
172 146 28.32 27.393333333333334
176 150 30.2 25.916666666666668
183 64 17.52 211.17666666666665
188 66 16.32 183.30999999999997
191 68 16.16 213.22333333333333
193 70 18.0 224.66666666666666
196 72 14.48 150.84333333333333
198 74 14.6 186.3333333333333
200 76 13.36 172.48999999999998
201 78 17.48 215.1766666666667
203 80 16.72 189.04333333333338
205 82 14.84 160.30666666666664
206 84 18.52 222.51000000000002
207 86 20.64 253.32333333333335
209 88 14.88 163.4433333333333
210 90 16.44 193.17333333333332
211 92 17.96 225.3733333333333
213 94 13.32 156.47666666666666
214 96 16.16 184.47333333333333
215 98 17.68 199.89333333333335
216 100 18.56 219.84
218 102 13.12 148.02666666666667
218 104 19.28 229.95999999999995
219 106 16.32 175.31000000000003
220 108 14.8 141.66666666666666
221 110 14.04 136.04
221 112 17.92 169.07666666666668
222 114 14.72 130.96
222 116 16.6 132.99999999999997
222 118 19.0 135.83333333333334
223 120 14.8 107.16666666666663
223 122 15.6 129.50000000000003
223 124 15.88 123.19333333333333
223 126 15.8 90.08333333333331
224 128 12.0 56.833333333333336
223 130 14.36 53.73999999999999
223 132 13.72 49.04333333333333
223 134 13.36 43.906666666666666
223 136 13.2 50.75
223 138 13.08 58.24333333333335
223 140 12.48 53.84333333333333
223 142 11.64 40.32333333333333
185 144 31.96 30.956666666666674
222 146 12.52 40.76
222 148 11.36 38.82333333333333
290 178 7.64 26.906666666666663
134 80 19.0 75.66666666666667
136 79 22.72 71.71000000000002
138 78 27.32 101.06
140 77 31.12 113.85999999999997
142 73 23.84 148.64000000000001
144 71 24.24 132.35666666666665
146 70 27.44 122.00666666666667
148 69 29.12 121.36
150 68 29.52 142.51
152 67 28.72 153.79333333333335
154 66 27.32 176.14333333333332
156 66 31.28 151.29333333333332
158 65 29.24 213.10666666666668
160 65 31.96 183.45666666666668
162 65 35.24 176.85666666666668
164 72 45.24 24.35666666666667
166 75 32.28 58.04333333333335
168 74 34.88 52.11000000000001
170 65 38.56 245.59
172 65 38.2 262.0833333333334
174 65 37.52 288.1766666666667
176 65 36.6 312.25000000000006
178 65 34.72 309.71000000000004
180 65 30.76 299.02333333333337
182 66 33.52 230.76
288 178 7.0 29.75
290 178 7.64 26.906666666666663
148 80 12.92 129.57666666666665
147 82 15.24 142.77333333333334
146 84 17.72 159.45999999999998
145 86 19.0 147.16666666666666
143 88 14.0 85.58333333333333
142 90 14.6 106.41666666666664
142 92 19.16 146.89
141 94 17.24 152.0233333333333
140 96 15.24 140.3566666666666
140 98 18.36 153.32333333333332
139 100 15.52 120.92666666666666
139 102 18.08 122.91000000000003
138 104 14.52 108.01000000000003
138 106 16.6 127.5
137 108 13.88 92.19333333333333
137 110 15.96 120.04
137 112 18.0 153.08333333333334
136 114 12.88 84.10999999999997
136 116 13.68 98.64333333333332
136 118 14.84 112.22333333333331
136 120 15.84 118.05666666666667
136 122 16.2 99.08333333333337
135 124 12.0 63.666666666666664
135 126 12.52 61.42666666666667
135 128 13.88 68.94333333333333
135 130 13.8 63.25
135 132 12.84 53.640000000000015
135 134 11.64 42.07333333333333
136 136 15.08 59.24333333333334
136 138 14.24 55.77333333333334
177 140 30.2 42.99999999999999
160 142 38.28 36.37666666666667
137 144 12.92 54.49333333333334
173 146 36.6 52.75
169 148 39.52 19.92666666666667
174 150 37.48 28.759999999999994
184 64 14.0 100.0
192 66 13.88 141.77666666666664
202 68 14.32 143.64333333333332
206 70 14.84 157.39000000000001
209 72 13.8 107.0
212 74 14.04 123.70666666666666
214 76 15.44 148.84
216 78 16.0 180.5
218 80 14.8 170.66666666666666
219 82 18.12 220.52666666666667
221 84 15.12 177.36
222 86 18.08 212.24333333333334
223 88 20.88 276.36
225 90 14.72 189.87666666666667
226 92 15.68 198.80999999999997
227 94 15.52 187.4266666666667
228 96 14.52 166.34333333333333
228 98 17.88 190.44333333333336
229 100 13.12 118.77666666666669
229 102 14.24 124.27333333333331
229 104 14.64 114.90666666666664
229 106 13.68 93.22666666666667
229 108 12.52 81.01
228 110 16.2 103.75
228 112 15.36 98.40666666666665
228 114 13.48 87.59333333333332
278 116 6.52 13.509999999999998
227 118 13.08 64.82666666666668
227 120 11.36 51.57333333333332
226 122 14.32 77.31
226 124 12.04 64.70666666666666
225 126 13.16 60.55666666666667
224 128 13.64 59.406666666666645
223 130 14.32 55.89333333333334
223 132 11.76 49.43999999999999
222 134 12.0 57.166666666666664
221 136 13.16 64.05666666666666
220 138 13.36 54.73999999999999
204 140 42.72 26.543333333333326
193 142 40.8 36.5
218 144 11.28 40.96
199 148 37.0 30.25
188 150 38.96 38.28999999999999
291 184 6.92 22.493333333333336
292 186 7.08 22.24333333333333
152 79 31.76 184.77333333333334
154 77 33.08 184.91000000000005
156 75 33.36 221.49
158 73 29.28 244.7933333333333
160 72 32.32 215.97666666666666
162 71 33.44 182.09
164 69 26.88 225.9433333333333
166 68 27.4 225.66666666666663
168 68 32.96 178.87333333333333
170 67 29.4 234.6666666666667
172 67 31.48 166.34333333333333
174 66 26.28 183.96
176 66 26.28 135.29333333333335
178 66 25.4 115.33333333333333
180 66 23.12 77.36
182 69 25.48 27.76
184 66 20.32 72.47666666666666
290 184 6.76 23.19
119 80 19.96 173.20666666666662
117 82 15.68 134.64333333333335
116 84 16.48 144.67666666666665
115 86 15.96 128.37333333333333
115 88 20.72 174.29333333333332
114 90 19.2 174.91666666666666
114 92 23.28 205.12666666666664
113 94 18.96 161.95666666666668
113 96 19.44 145.75666666666666
113 98 18.68 121.47666666666669
113 100 17.12 89.69333333333337
114 102 18.84 98.47333333333334
114 104 15.44 92.08999999999999
115 106 16.16 86.47333333333334
115 108 12.32 55.81
116 110 12.44 59.09
117 112 11.6 48.33333333333332
119 114 13.88 41.02666666666668
145 116 33.24 35.27333333333334
165 118 35.52 38.75999999999999
149 120 33.36 40.489999999999995
159 122 41.04 45.289999999999985
155 124 33.68 46.39333333333334
176 126 31.24 56.44
165 128 31.96 75.95666666666669
169 134 22.4 32.333333333333336
169 136 22.28 34.54333333333334
190 56 18.56 251.42333333333332
199 58 16.08 237.49333333333334
205 60 16.56 250.83999999999995
210 62 15.48 230.67666666666665
213 64 17.44 325.5066666666667
215 66 20.36 386.4066666666667
218 68 15.0 212.0
220 70 14.28 172.62666666666664
222 72 13.2 151.91666666666666
223 74 15.96 190.20666666666668
224 76 17.72 169.29333333333332
225 78 17.48 148.01000000000002
226 80 18.08 163.57666666666668
227 82 15.56 115.08999999999999
228 84 13.84 96.38999999999999
228 86 14.6 75.66666666666666
228 88 14.72 60.126666666666665
229 90 12.12 50.77666666666667
229 92 12.44 51.84
229 94 12.28 38.04333333333333
206 96 19.76 34.773333333333326
203 98 26.16 64.47333333333334
208 100 23.6 54.08333333333334
194 102 28.8 41.75
230 104 12.24 54.606666666666655
230 106 12.32 56.81000000000001
186 108 23.2 23.75
185 110 22.84 25.39
208 112 22.0 26.666666666666668
208 114 20.32 40.97666666666667
211 118 20.04 25.539999999999996
209 120 19.8 32.333333333333336
199 128 18.4 65.66666666666667
201 130 23.32 43.64333333333334
199 132 27.6 44.08333333333332
181 134 29.72 105.20999999999998
193 136 30.28 66.96
189 138 23.68 61.143333333333345
300 194 7.68 15.560000000000004
301 196 7.0 19.0
121 79 27.88 202.6933333333333
123 77 29.72 193.71000000000004
125 75 30.36 219.23999999999998
127 74 35.88 193.1933333333333
129 72 34.24 251.85666666666665
131 71 36.88 237.36
133 70 38.24 214.6066666666667
135 69 38.32 224.2266666666667
137 68 38.56 221.5066666666667
139 66 33.2 309.5
141 65 34.44 290.09000000000003
143 64 34.88 286.94333333333344
145 63 33.4 281.74999999999994
147 63 41.72 211.8766666666667
149 62 39.44 261.67333333333335
151 61 36.08 322.2433333333334
153 61 40.4 207.4166666666667
155 60 35.36 295.8233333333334
157 60 39.8 235.16666666666666
159 59 35.2 326.4166666666667
161 59 39.2 252.8333333333334
163 58 35.24 393.02333333333337
165 58 38.08 358.4933333333334
167 58 39.68 308.14333333333326
169 58 41.56 290.0066666666666
171 58 44.04 294.2066666666667
173 58 46.52 300.26000000000005
175 58 47.24 320.94000000000017
177 58 46.36 347.82333333333327
179 58 44.16 298.39000000000004
181 69 37.24 32.690000000000005
183 58 42.84 263.13999999999993
185 58 42.08 289.41
187 58 41.0 326.0
189 58 38.4 365.1666666666667
173 80 22.52 338.3433333333333
172 82 20.48 296.1766666666667
171 84 17.4 185.91666666666663
170 86 15.0 125.58333333333333
170 88 18.36 162.48999999999998
169 90 13.96 89.45666666666669
169 92 14.0 88.33333333333333
169 94 14.24 84.68999999999998
169 96 14.64 88.90666666666665
169 98 14.36 75.32333333333332
169 100 14.24 73.77333333333333
169 102 13.0 79.33333333333333
170 104 16.04 102.45666666666669
170 106 14.0 89.58333333333333
170 108 11.6 60.0
171 110 11.72 63.21000000000001
172 112 11.4 49.91666666666668
174 116 11.52 35.26
177 122 12.36 51.156666666666645
223 54 15.96 262.79
226 56 16.8 209.1666666666667
230 58 17.84 280.4733333333333
235 60 14.2 230.5833333333333
238 62 15.0 212.41666666666666
240 64 21.4 424.3333333333334
243 66 15.48 245.59333333333333
245 68 14.2 207.41666666666666
247 70 14.64 222.15666666666667
249 72 12.52 170.26000000000002
250 74 14.0 172.33333333333334
251 76 14.76 183.68999999999997
252 78 14.84 168.9733333333333
253 80 15.56 188.42333333333332
254 82 17.0 200.0
255 84 17.68 209.30999999999997
257 86 11.92 147.65999999999997
258 88 12.28 149.54333333333332
258 90 18.8 232.9166666666667
259 92 18.16 233.30666666666673
260 94 16.6 205.5
261 96 14.88 207.61
261 98 19.24 245.27333333333334
262 100 17.0 217.91666666666666
263 102 15.24 198.1066666666666
264 104 13.28 148.04333333333332
264 106 17.0 194.25
265 108 14.12 149.60999999999999
265 110 18.16 205.64000000000001
266 112 14.4 135.33333333333334
266 114 16.8 151.08333333333331
266 116 17.72 167.04333333333338
266 118 18.2 175.5
266 120 17.0 156.5
266 122 14.76 112.35666666666663
266 124 12.84 84.97333333333333
266 126 11.44 59.673333333333346
266 128 10.56 48.25666666666667
265 130 11.16 35.63999999999999
217 132 20.96 41.70666666666667
238 134 16.52 25.84333333333333
243 136 20.2 34.333333333333336
196 138 36.16 39.39000000000001
209 140 15.6 40.583333333333336
204 142 20.72 90.37666666666667
217 144 12.76 42.02333333333333
221 146 13.36 58.49
231 148 16.12 28.193333333333328
229 152 17.64 55.07333333333332
286 182 7.36 24.490000000000006
175 79 34.16 300.97333333333324
177 75 29.16 230.64000000000007
179 71 29.28 311.79333333333335
181 70 38.76 292.69
183 68 38.24 461.8566666666666
185 67 44.28 489.1266666666666
187 66 46.76 372.7733333333333
189 65 47.64 389.0733333333335
191 64 46.68 371.30999999999995
193 62 36.52 462.92666666666673
195 61 36.36 442.4066666666666
197 60 36.12 441.1099999999999
199 59 32.84 448.8066666666667
201 59 34.96 444.79
203 60 45.76 342.10666666666674
205 59 37.28 324.8766666666668
207 57 24.56 187.84000000000003
209 57 31.48 155.9266666666667
211 56 32.24 275.44
213 58 43.12 40.02666666666666
215 55 31.88 291.11
217 55 34.52 317.26
219 55 35.08 349.66
221 55 32.56 406.0066666666666
223 57 39.28 264.29333333333335
181 128 18.28 89.96000000000002
183 129 26.76 66.52333333333333
189 137 22.4 55.0
191 126 26.0 113.0
193 140 25.64 53.15666666666667
195 136 36.24 48.190000000000005
197 142 31.32 123.31
199 142 37.48 82.34333333333333
201 139 29.2 97.25
203 141 24.28 121.12666666666671
205 144 21.32 83.22666666666667
207 145 19.96 69.78999999999999
209 140 15.6 40.583333333333336
211 147 22.48 52.17666666666668
213 145 19.88 63.943333333333335
215 134 27.48 68.67666666666666
217 144 12.76 42.02333333333333
219 146 14.0 56.833333333333336
221 146 13.36 58.49
227 152 19.2 51.75
237 134 16.8 25.250000000000004
243 136 20.2 34.333333333333336
157 80 14.88 170.77666666666664
156 82 16.32 215.64333333333335
155 84 15.52 170.51
154 86 14.56 140.58999999999997
153 88 13.28 96.37666666666662
153 90 17.24 161.44
152 92 14.32 114.80999999999999
152 94 17.88 156.52666666666667
151 96 15.28 125.37666666666665
151 98 18.04 144.70666666666668
150 100 14.12 97.44333333333334
150 102 14.76 97.60666666666667
150 104 14.48 92.92666666666666
150 106 13.36 80.15666666666665
150 108 12.48 72.09333333333333
151 110 15.2 85.08333333333336
151 112 13.28 72.54333333333334
152 114 15.64 64.15666666666665
152 116 14.4 63.08333333333332
152 118 11.92 54.74333333333334
153 120 12.68 45.47666666666666
155 122 18.48 48.84333333333334
156 124 20.76 66.35666666666667
156 126 16.28 74.04333333333332
157 130 12.32 43.47666666666667
162 132 25.52 70.84333333333332
159 134 9.4 45.25
168 136 27.12 36.276666666666664
213 50 17.52 437.01
218 52 15.2 325.75
220 54 20.4 480.58333333333326
224 56 15.16 261.89000000000004
227 58 15.8 236.25
230 60 13.6 167.58333333333331
231 62 15.76 183.43999999999997
232 64 16.48 184.34333333333333
234 66 16.8 197.91666666666666
238 68 14.48 221.26
240 70 15.28 258.0433333333333
242 72 12.92 166.82666666666665
243 74 17.04 230.54000000000005
244 76 17.4 219.58333333333337
245 78 16.56 225.84000000000006
245 80 17.44 224.75666666666663
245 82 17.2 198.66666666666666
245 84 17.24 191.68999999999997
245 86 18.2 209.91666666666666
245 88 19.2 179.66666666666666
246 90 14.88 130.69333333333336
246 92 16.92 184.99333333333334
246 94 16.84 176.22333333333327
246 96 16.68 180.39333333333335
246 98 15.72 180.21000000000004
246 100 13.56 146.08999999999997
245 102 15.96 141.3733333333333
245 104 12.8 90.58333333333333
244 106 14.16 65.05666666666666
244 108 12.12 49.943333333333335
243 110 12.16 50.30666666666665
190 112 32.6 47.583333333333336
199 114 32.28 23.376666666666665
197 116 33.56 50.339999999999996
202 118 29.6 40.66666666666667
232 120 23.64 66.15666666666665
232 122 23.16 65.72333333333334
232 124 20.8 65.16666666666666
231 126 22.08 85.49333333333333
230 128 22.08 115.65999999999997
227 130 27.16 86.30666666666667
222 132 29.56 60.17333333333331
186 136 22.24 48.02333333333334
215 138 22.08 34.41
207 140 18.68 25.81
161 78 32.56 186.75666666666666
163 74 26.88 200.69333333333336
165 72 30.28 196.37666666666667
167 68 25.48 241.34333333333333
169 66 29.8 221.66666666666666
171 64 32.08 231.91
173 62 32.44 227.34
175 60 31.36 257.0733333333333
177 59 35.96 237.79
179 57 31.32 303.72666666666663
181 56 34.0 356.8333333333333
183 55 34.32 360.6433333333334
185 54 34.72 412.6266666666666
187 53 35.12 450.4433333333334
189 53 44.72 338.29333333333335
191 52 43.0 544.8333333333334
193 52 51.04 558.0400000000001
195 52 57.36 465.9066666666666
197 51 47.4 741.8333333333331
199 51 47.4 645.9166666666664
201 51 43.32 569.2266666666668
203 51 42.84 521.0566666666668
205 51 45.96 495.456666666667
207 51 48.56 489.17333333333335
209 51 45.72 579.4599999999999
211 52 51.36 524.24
213 52 42.0 758.75
112 80 19.92 135.82666666666668
111 82 15.44 80.42333333333333
111 84 16.56 96.34000000000002
111 86 17.12 91.94333333333337
111 88 16.64 89.65666666666668
111 90 16.4 94.33333333333331
111 92 15.68 92.56
111 94 14.96 82.12333333333332
112 96 18.48 97.76
112 98 16.04 92.45666666666665
113 100 18.6 107.66666666666667
113 102 15.36 86.49
114 104 16.84 79.05666666666666
114 106 13.84 52.55666666666665
115 108 15.36 52.07333333333333
116 110 16.6 69.41666666666667
116 112 13.08 60.99333333333336
118 114 16.84 71.39
118 116 13.08 63.24333333333334
158 118 38.96 69.87333333333335
120 120 14.08 48.826666666666675
120 122 11.68 44.559999999999995
140 124 25.92 30.243333333333336
143 126 24.32 36.05999999999999
147 128 28.0 70.58333333333333
148 130 31.4 58.08333333333334
157 132 26.4 20.166666666666668
145 134 26.52 32.25999999999999
144 136 26.68 35.393333333333324
170 138 29.8 39.833333333333336
164 140 24.64 18.406666666666666
183 54 13.48 198.17666666666665
185 56 17.36 271.74
188 58 16.44 268.84000000000003
190 60 17.92 294.82666666666665
192 62 18.96 345.29
194 64 20.08 530.5766666666667
196 66 15.36 346.1566666666666
197 68 16.24 326.94000000000005
198 70 14.64 202.15666666666667
199 72 13.64 185.73999999999998
199 74 18.96 247.62333333333333
200 76 15.88 178.85999999999999
200 78 19.52 193.17666666666662
201 80 16.56 149.42333333333335
202 82 14.44 120.58999999999999
202 84 18.12 165.77666666666667
203 86 15.24 150.1899999999999
203 88 17.52 172.84333333333333
204 90 13.88 134.35999999999999
204 92 15.84 155.80666666666664
204 94 17.68 152.14333333333332
205 96 14.52 114.84333333333336
205 98 16.16 130.97333333333333
205 100 17.44 135.84
206 102 14.4 101.75000000000001
206 104 15.24 103.85666666666664
206 106 16.64 103.74
206 108 17.6 114.75000000000004
207 110 13.2 95.66666666666667
206 112 17.64 113.24
206 114 16.4 108.25000000000001
206 116 15.68 109.97666666666667
206 118 15.12 103.19333333333334
206 120 14.52 88.17666666666666
206 122 12.84 77.30666666666667
205 124 14.4 92.58333333333337
278 126 7.56 14.840000000000009
204 128 13.6 73.66666666666666
204 130 11.72 58.960000000000015
203 132 12.52 66.51
202 134 14.24 62.44
202 136 11.52 52.34333333333331
200 138 15.12 53.77666666666667
199 140 14.36 45.24
199 142 10.8 43.58333333333332
194 150 10.76 36.856666666666655
290 194 7.64 21.406666666666666
290 196 7.36 22.156666666666666
112 80 19.92 135.82666666666668
114 75 28.08 231.41000000000005
116 70 31.68 292.72666666666663
118 66 34.04 361.78999999999996
120 63 38.04 368.7066666666667
122 60 34.2 275.25000000000006
124 58 33.88 265.11
126 57 36.72 213.12666666666675
128 55 33.4 287.25000000000006
130 54 32.12 217.02666666666667
132 53 30.48 201.92666666666665
134 52 28.96 200.78999999999996
136 51 27.28 206.95999999999995
138 51 29.96 166.37333333333336
140 51 31.68 159.56000000000003
142 53 46.48 71.84333333333335
144 53 44.84 60.13999999999999
146 50 26.92 208.49333333333334
148 50 26.8 174.91666666666666
150 50 28.0 175.83333333333334
152 50 33.0 205.5
154 50 36.76 157.1066666666667
156 49 30.64 225.32333333333327
158 50 40.32 83.39333333333333
160 49 35.32 292.39333333333326
162 49 37.12 308.2766666666666
164 49 36.4 316.91666666666663
166 49 34.08 298.82666666666677
168 49 33.04 315.03999999999996
170 50 38.68 266.06
172 50 32.44 308.09
174 51 34.32 295.8933333333334
176 52 34.24 359.69000000000005
178 54 42.16 387.3066666666666
180 55 40.8 413.4166666666667
182 56 37.4 403.3333333333333
288 194 7.04 23.623333333333335
112 80 19.92 135.82666666666668
111 82 15.44 80.42333333333333
111 84 16.56 96.34000000000002
111 86 17.12 91.94333333333337
111 88 16.64 89.65666666666668
111 90 16.4 94.33333333333331
111 92 15.68 92.56
111 94 14.96 82.12333333333332
112 96 18.48 97.76
112 98 16.04 92.45666666666665
113 100 18.6 107.66666666666667
113 102 15.36 86.49
114 104 16.84 79.05666666666666
114 106 13.84 52.55666666666665
115 108 15.36 52.07333333333333
116 110 16.6 69.41666666666667
116 112 13.08 60.99333333333336
118 114 16.84 71.39
118 116 13.08 63.24333333333334
158 118 38.96 69.87333333333335
120 120 14.08 48.826666666666675
120 122 11.68 44.559999999999995
140 124 25.92 30.243333333333336
143 126 24.32 36.05999999999999
147 128 28.0 70.58333333333333
148 130 31.4 58.08333333333334
157 132 26.4 20.166666666666668
145 134 26.52 32.25999999999999
144 136 26.68 35.393333333333324
170 138 29.8 39.833333333333336
164 140 24.64 18.406666666666666
183 54 13.48 198.17666666666665
185 56 17.36 271.74
188 58 16.44 268.84000000000003
190 60 17.92 294.82666666666665
192 62 18.96 345.29
194 64 20.08 530.5766666666667
196 66 15.36 346.1566666666666
197 68 16.24 326.94000000000005
198 70 14.64 202.15666666666667
199 72 13.64 185.73999999999998
199 74 18.96 247.62333333333333
200 76 15.88 178.85999999999999
200 78 19.52 193.17666666666662
201 80 16.56 149.42333333333335
202 82 14.44 120.58999999999999
202 84 18.12 165.77666666666667
203 86 15.24 150.1899999999999
203 88 17.52 172.84333333333333
204 90 13.88 134.35999999999999
204 92 15.84 155.80666666666664
204 94 17.68 152.14333333333332
205 96 14.52 114.84333333333336
205 98 16.16 130.97333333333333
205 100 17.44 135.84
206 102 14.4 101.75000000000001
206 104 15.24 103.85666666666664
206 106 16.64 103.74
206 108 17.6 114.75000000000004
207 110 13.2 95.66666666666667
206 112 17.64 113.24
206 114 16.4 108.25000000000001
206 116 15.68 109.97666666666667
206 118 15.12 103.19333333333334
206 120 14.52 88.17666666666666
206 122 12.84 77.30666666666667
205 124 14.4 92.58333333333337
278 126 7.56 14.840000000000009
204 128 13.6 73.66666666666666
204 130 11.72 58.960000000000015
203 132 12.52 66.51
202 134 14.24 62.44
202 136 11.52 52.34333333333331
200 138 15.12 53.77666666666667
199 140 14.36 45.24
199 142 10.8 43.58333333333332
194 150 10.76 36.856666666666655
290 194 7.64 21.406666666666666
290 196 7.36 22.156666666666666
112 80 19.92 135.82666666666668
114 75 28.08 231.41000000000005
116 70 31.68 292.72666666666663
118 66 34.04 361.78999999999996
120 63 38.04 368.7066666666667
122 60 34.2 275.25000000000006
124 58 33.88 265.11
126 57 36.72 213.12666666666675
128 55 33.4 287.25000000000006
130 54 32.12 217.02666666666667
132 53 30.48 201.92666666666665
134 52 28.96 200.78999999999996
136 51 27.28 206.95999999999995
138 51 29.96 166.37333333333336
140 51 31.68 159.56000000000003
142 53 46.48 71.84333333333335
144 53 44.84 60.13999999999999
146 50 26.92 208.49333333333334
148 50 26.8 174.91666666666666
150 50 28.0 175.83333333333334
152 50 33.0 205.5
154 50 36.76 157.1066666666667
156 49 30.64 225.32333333333327
158 50 40.32 83.39333333333333
160 49 35.32 292.39333333333326
162 49 37.12 308.2766666666666
164 49 36.4 316.91666666666663
166 49 34.08 298.82666666666677
168 49 33.04 315.03999999999996
170 50 38.68 266.06
172 50 32.44 308.09
174 51 34.32 295.8933333333334
176 52 34.24 359.69000000000005
178 54 42.16 387.3066666666666
180 55 40.8 413.4166666666667
182 56 37.4 403.3333333333333
288 194 7.04 23.623333333333335
142 80 16.64 154.49
140 82 15.36 151.07333333333335
139 84 18.52 216.17666666666665
137 86 15.8 219.83333333333337
136 88 16.72 229.62666666666664
135 90 16.96 206.95666666666668
133 92 14.2 135.58333333333334
132 94 16.12 153.6933333333333
131 96 16.56 169.50666666666666
130 98 16.84 158.55666666666667
129 100 16.84 163.55666666666664
128 102 17.16 157.89000000000001
127 104 16.72 139.37666666666667
125 106 12.0 72.0
125 108 16.56 126.09000000000002
124 110 14.8 102.16666666666667
124 112 16.76 108.02333333333333
123 114 13.08 60.74333333333333
123 116 14.08 77.41
123 118 15.12 84.52666666666666
123 120 15.92 81.91
123 122 16.2 62.24999999999999
122 124 13.56 54.00666666666668
122 126 14.52 68.42666666666668
122 128 14.76 78.77333333333334
122 130 14.12 73.02666666666666
122 132 13.56 62.33999999999998
122 134 13.24 61.939999999999976
122 136 12.8 57.083333333333336
161 138 17.76 37.93999999999999
160 140 16.88 30.943333333333342
159 142 18.8 31.666666666666668
156 144 21.0 28.166666666666668
124 146 12.64 42.57333333333333
124 148 10.64 40.156666666666666
161 152 23.84 36.97333333333332
176 154 24.56 17.25666666666667
189 60 18.4 302.25
195 62 13.24 159.68999999999997
197 64 16.6 156.75000000000003
201 66 11.68 92.72666666666669
203 68 11.88 100.11
204 70 15.2 126.33333333333333
206 72 12.56 93.50666666666666
207 74 15.16 120.47333333333331
209 76 12.64 103.73999999999997
211 78 12.04 110.04000000000002
213 80 13.48 143.09333333333333
214 82 17.8 150.08333333333331
216 84 16.0 136.16666666666666
218 86 14.52 152.17666666666665
219 88 15.96 144.54
220 90 17.48 178.50999999999996
221 92 18.44 200.00666666666666
222 94 16.76 174.44000000000003
223 96 14.0 118.33333333333333
223 98 16.28 147.54333333333335
223 100 16.52 163.42666666666668
223 102 16.52 175.59333333333333
223 104 16.92 195.40999999999994
223 106 17.28 184.2933333333333
223 108 15.52 150.59333333333333
223 110 15.64 145.82333333333327
223 112 15.68 137.14333333333335
223 114 15.0 127.16666666666667
223 116 13.52 100.67666666666666
222 118 18.4 191.41666666666666
222 120 15.08 177.7433333333333
221 122 16.16 182.97333333333336
283 124 7.44 17.173333333333332
283 126 7.48 16.843333333333334
218 128 11.72 45.21
187 130 23.2 33.75
214 132 14.08 46.74333333333334
212 134 15.28 57.71
210 136 17.16 75.64
209 138 15.24 91.69
207 140 16.52 97.01000000000003
206 142 12.32 83.05999999999999
204 144 12.08 65.16000000000001
202 146 11.72 52.876666666666665
200 148 11.36 61.40666666666666
197 150 13.6 61.666666666666664
195 152 12.12 45.276666666666664
291 194 6.68 22.06
144 80 29.76 226.6066666666666
146 78 31.24 224.10666666666665
148 76 33.12 193.35999999999999
150 73 27.24 202.60666666666665
152 72 31.52 164.09333333333328
154 70 27.48 176.42666666666665
156 69 30.16 211.30666666666664
158 68 32.68 222.4766666666666
160 67 34.4 243.75
162 66 35.88 269.60999999999996
164 65 36.6 292.4166666666667
166 64 35.76 301.8566666666666
168 63 34.76 346.69000000000005
170 63 41.84 299.5566666666667
172 62 37.2 421.75
174 62 40.92 381.74333333333334
176 62 43.88 297.02666666666664
178 61 36.88 422.85999999999996
180 61 40.04 424.3733333333333
182 61 39.8 412.0
184 61 36.72 400.29333333333335
186 61 32.44 338.42333333333335
188 62 34.92 262.82666666666665
118 80 18.48 148.3433333333333
118 82 20.52 132.01
117 84 16.72 99.87666666666667
117 86 17.16 82.30666666666667
117 88 17.2 62.583333333333314
117 90 16.08 48.576666666666675
117 94 14.16 44.22333333333333
117 96 12.84 48.14000000000001
118 98 14.64 60.49
119 100 16.64 71.24
119 102 13.56 58.59
120 104 14.36 61.23999999999999
121 106 14.88 66.36
122 108 14.32 58.72666666666669
123 110 13.56 54.00666666666667
126 114 15.48 51.84333333333333
126 116 11.36 43.99
155 118 24.44 21.09
141 122 29.84 35.14000000000001
132 124 13.04 59.79
134 126 13.84 56.72333333333333
136 128 13.76 58.27333333333333
138 130 12.8 50.333333333333336
141 132 14.12 57.69333333333335
155 140 18.24 61.94
158 142 17.04 67.62333333333333
184 60 18.4 302.50000000000006
190 62 19.36 367.24
195 64 18.12 313.5266666666666
198 66 19.0 331.0833333333333
203 68 15.36 200.99
206 70 16.6 221.4166666666667
210 72 13.04 151.70666666666668
212 74 15.64 188.5733333333333
214 76 16.68 196.39333333333332
217 78 12.4 144.5
219 80 12.92 139.4933333333333
221 82 12.56 140.08999999999997
222 84 16.08 175.3266666666667
224 86 13.8 131.33333333333334
225 88 15.48 156.67666666666668
226 90 17.0 168.33333333333334
227 92 16.8 155.16666666666669
228 94 15.28 145.54333333333332
229 96 14.12 135.44333333333336
229 98 18.76 165.0233333333333
230 100 16.6 154.91666666666669
230 102 19.56 165.50666666666666
231 104 15.0 110.83333333333333
231 106 15.52 112.92666666666669
231 108 14.64 101.65666666666665
231 110 12.88 83.10999999999997
230 112 13.88 62.86000000000001
230 114 11.8 46.75
223 116 20.28 34.29333333333334
206 118 21.24 99.10666666666667
208 120 22.12 81.86
212 122 19.36 37.489999999999995
286 124 7.76 16.94
286 126 7.72 16.70999999999999
197 128 28.48 39.67666666666666
189 130 26.2 37.833333333333336
205 132 22.48 28.426666666666666
182 134 26.28 32.96
297 192 7.44 23.423333333333332
297 194 6.96 25.789999999999996
209 196 6.12 16.776666666666667
120 78 27.12 181.86
122 74 28.6 239.9166666666667
124 72 33.52 242.01
126 70 33.72 265.2933333333333
128 69 38.04 211.9566666666668
130 67 36.36 294.4066666666666
132 65 32.48 282.76
134 64 34.12 247.61000000000004
136 63 33.72 255.7933333333333
138 62 31.32 289.14333333333326
140 62 35.48 223.25999999999996
142 61 31.04 257.7066666666666
144 61 34.68 216.81000000000006
146 60 29.68 273.06
148 60 32.08 261.16
150 60 34.68 227.31000000000003
152 59 29.64 279.6566666666667
154 59 31.88 294.19333333333344
156 59 33.96 293.45666666666676
158 59 35.56 278.09
160 59 36.36 287.1566666666667
162 59 38.68 317.0599999999999
164 59 41.68 304.3099999999999
166 59 44.44 299.09
168 59 45.6 326.3333333333333
170 59 43.12 395.9433333333333
172 59 39.08 428.7433333333334
174 60 44.6 315.50000000000006
176 60 39.04 453.20666666666665
178 61 43.48 338.75999999999993
180 61 39.56 441.5900000000001
182 62 43.72 323.6266666666666
184 62 38.16 431.7233333333333
132 80 13.36 57.49
131 82 16.28 74.62666666666667
129 84 14.84 78.05666666666666
128 86 16.08 88.32666666666667
127 88 16.12 69.61
126 90 16.28 85.21000000000001
125 92 16.48 101.50999999999999
124 94 15.8 98.83333333333331
124 96 18.24 108.35666666666667
123 98 15.08 79.57666666666667
124 100 18.72 89.62666666666668
123 102 14.04 72.62333333333333
123 104 13.6 64.08333333333333
123 106 12.92 53.076666666666675
153 108 32.84 42.30666666666668
123 110 12.2 41.00000000000001
153 112 29.52 57.25999999999999
155 114 30.32 68.56
161 116 25.12 30.86
124 118 10.84 31.140000000000004
140 120 29.72 35.29333333333333
140 122 29.72 31.62666666666667
143 124 28.4 34.25
175 126 24.24 36.44
156 128 25.52 50.42666666666668
154 130 27.04 27.456666666666678
159 132 26.84 47.473333333333336
159 136 23.24 34.35666666666666
154 138 25.76 18.69
156 140 28.44 27.256666666666664
155 142 26.36 28.40666666666667
165 144 28.16 38.72333333333333
172 146 28.32 27.393333333333334
176 150 30.2 25.916666666666668
183 64 17.52 211.17666666666665
188 66 16.32 183.30999999999997
191 68 16.16 213.22333333333333
193 70 18.0 224.66666666666666
196 72 14.48 150.84333333333333
198 74 14.6 186.3333333333333
200 76 13.36 172.48999999999998
201 78 17.48 215.1766666666667
203 80 16.72 189.04333333333338
205 82 14.84 160.30666666666664
206 84 18.52 222.51000000000002
207 86 20.64 253.32333333333335
209 88 14.88 163.4433333333333
210 90 16.44 193.17333333333332
211 92 17.96 225.3733333333333
213 94 13.32 156.47666666666666
214 96 16.16 184.47333333333333
215 98 17.68 199.89333333333335
216 100 18.56 219.84
218 102 13.12 148.02666666666667
218 104 19.28 229.95999999999995
219 106 16.32 175.31000000000003
220 108 14.8 141.66666666666666
221 110 14.04 136.04
221 112 17.92 169.07666666666668
222 114 14.72 130.96
222 116 16.6 132.99999999999997
222 118 19.0 135.83333333333334
223 120 14.8 107.16666666666663
223 122 15.6 129.50000000000003
223 124 15.88 123.19333333333333
223 126 15.8 90.08333333333331
224 128 12.0 56.833333333333336
223 130 14.36 53.73999999999999
223 132 13.72 49.04333333333333
223 134 13.36 43.906666666666666
223 136 13.2 50.75
223 138 13.08 58.24333333333335
223 140 12.48 53.84333333333333
223 142 11.64 40.32333333333333
185 144 31.96 30.956666666666674
222 146 12.52 40.76
222 148 11.36 38.82333333333333
290 178 7.64 26.906666666666663
134 80 19.0 75.66666666666667
136 79 22.72 71.71000000000002
138 78 27.32 101.06
140 77 31.12 113.85999999999997
142 73 23.84 148.64000000000001
144 71 24.24 132.35666666666665
146 70 27.44 122.00666666666667
148 69 29.12 121.36
150 68 29.52 142.51
152 67 28.72 153.79333333333335
154 66 27.32 176.14333333333332
156 66 31.28 151.29333333333332
158 65 29.24 213.10666666666668
160 65 31.96 183.45666666666668
162 65 35.24 176.85666666666668
164 72 45.24 24.35666666666667
166 75 32.28 58.04333333333335
168 74 34.88 52.11000000000001
170 65 38.56 245.59
172 65 38.2 262.0833333333334
174 65 37.52 288.1766666666667
176 65 36.6 312.25000000000006
178 65 34.72 309.71000000000004
180 65 30.76 299.02333333333337
182 66 33.52 230.76
288 178 7.0 29.75
290 178 7.64 26.906666666666663
148 80 12.92 129.57666666666665
147 82 15.24 142.77333333333334
146 84 17.72 159.45999999999998
145 86 19.0 147.16666666666666
143 88 14.0 85.58333333333333
142 90 14.6 106.41666666666664
142 92 19.16 146.89
141 94 17.24 152.0233333333333
140 96 15.24 140.3566666666666
140 98 18.36 153.32333333333332
139 100 15.52 120.92666666666666
139 102 18.08 122.91000000000003
138 104 14.52 108.01000000000003
138 106 16.6 127.5
137 108 13.88 92.19333333333333
137 110 15.96 120.04
137 112 18.0 153.08333333333334
136 114 12.88 84.10999999999997
136 116 13.68 98.64333333333332
136 118 14.84 112.22333333333331
136 120 15.84 118.05666666666667
136 122 16.2 99.08333333333337
135 124 12.0 63.666666666666664
135 126 12.52 61.42666666666667
135 128 13.88 68.94333333333333
135 130 13.8 63.25
135 132 12.84 53.640000000000015
135 134 11.64 42.07333333333333
136 136 15.08 59.24333333333334
136 138 14.24 55.77333333333334
177 140 30.2 42.99999999999999
160 142 38.28 36.37666666666667
137 144 12.92 54.49333333333334
173 146 36.6 52.75
169 148 39.52 19.92666666666667
174 150 37.48 28.759999999999994
184 64 14.0 100.0
192 66 13.88 141.77666666666664
202 68 14.32 143.64333333333332
206 70 14.84 157.39000000000001
209 72 13.8 107.0
212 74 14.04 123.70666666666666
214 76 15.44 148.84
216 78 16.0 180.5
218 80 14.8 170.66666666666666
219 82 18.12 220.52666666666667
221 84 15.12 177.36
222 86 18.08 212.24333333333334
223 88 20.88 276.36
225 90 14.72 189.87666666666667
226 92 15.68 198.80999999999997
227 94 15.52 187.4266666666667
228 96 14.52 166.34333333333333
228 98 17.88 190.44333333333336
229 100 13.12 118.77666666666669
229 102 14.24 124.27333333333331
229 104 14.64 114.90666666666664
229 106 13.68 93.22666666666667
229 108 12.52 81.01
228 110 16.2 103.75
228 112 15.36 98.40666666666665
228 114 13.48 87.59333333333332
278 116 6.52 13.509999999999998
227 118 13.08 64.82666666666668
227 120 11.36 51.57333333333332
226 122 14.32 77.31
226 124 12.04 64.70666666666666
225 126 13.16 60.55666666666667
224 128 13.64 59.406666666666645
223 130 14.32 55.89333333333334
223 132 11.76 49.43999999999999
222 134 12.0 57.166666666666664
221 136 13.16 64.05666666666666
220 138 13.36 54.73999999999999
204 140 42.72 26.543333333333326
193 142 40.8 36.5
218 144 11.28 40.96
199 148 37.0 30.25
188 150 38.96 38.28999999999999
291 184 6.92 22.493333333333336
292 186 7.08 22.24333333333333
152 79 31.76 184.77333333333334
154 77 33.08 184.91000000000005
156 75 33.36 221.49
158 73 29.28 244.7933333333333
160 72 32.32 215.97666666666666
162 71 33.44 182.09
164 69 26.88 225.9433333333333
166 68 27.4 225.66666666666663
168 68 32.96 178.87333333333333
170 67 29.4 234.6666666666667
172 67 31.48 166.34333333333333
174 66 26.28 183.96
176 66 26.28 135.29333333333335
178 66 25.4 115.33333333333333
180 66 23.12 77.36
182 69 25.48 27.76
184 66 20.32 72.47666666666666
290 184 6.76 23.19
119 80 19.96 173.20666666666662
117 82 15.68 134.64333333333335
116 84 16.48 144.67666666666665
115 86 15.96 128.37333333333333
115 88 20.72 174.29333333333332
114 90 19.2 174.91666666666666
114 92 23.28 205.12666666666664
113 94 18.96 161.95666666666668
113 96 19.44 145.75666666666666
113 98 18.68 121.47666666666669
113 100 17.12 89.69333333333337
114 102 18.84 98.47333333333334
114 104 15.44 92.08999999999999
115 106 16.16 86.47333333333334
115 108 12.32 55.81
116 110 12.44 59.09
117 112 11.6 48.33333333333332
119 114 13.88 41.02666666666668
145 116 33.24 35.27333333333334
165 118 35.52 38.75999999999999
149 120 33.36 40.489999999999995
159 122 41.04 45.289999999999985
155 124 33.68 46.39333333333334
176 126 31.24 56.44
165 128 31.96 75.95666666666669
169 134 22.4 32.333333333333336
169 136 22.28 34.54333333333334
190 56 18.56 251.42333333333332
199 58 16.08 237.49333333333334
205 60 16.56 250.83999999999995
210 62 15.48 230.67666666666665
213 64 17.44 325.5066666666667
215 66 20.36 386.4066666666667
218 68 15.0 212.0
220 70 14.28 172.62666666666664
222 72 13.2 151.91666666666666
223 74 15.96 190.20666666666668
224 76 17.72 169.29333333333332
225 78 17.48 148.01000000000002
226 80 18.08 163.57666666666668
227 82 15.56 115.08999999999999
228 84 13.84 96.38999999999999
228 86 14.6 75.66666666666666
228 88 14.72 60.126666666666665
229 90 12.12 50.77666666666667
229 92 12.44 51.84
229 94 12.28 38.04333333333333
206 96 19.76 34.773333333333326
203 98 26.16 64.47333333333334
208 100 23.6 54.08333333333334
194 102 28.8 41.75
230 104 12.24 54.606666666666655
230 106 12.32 56.81000000000001
186 108 23.2 23.75
185 110 22.84 25.39
208 112 22.0 26.666666666666668
208 114 20.32 40.97666666666667
211 118 20.04 25.539999999999996
209 120 19.8 32.333333333333336
199 128 18.4 65.66666666666667
201 130 23.32 43.64333333333334
199 132 27.6 44.08333333333332
181 134 29.72 105.20999999999998
193 136 30.28 66.96
189 138 23.68 61.143333333333345
300 194 7.68 15.560000000000004
301 196 7.0 19.0
121 79 27.88 202.6933333333333
123 77 29.72 193.71000000000004
125 75 30.36 219.23999999999998
127 74 35.88 193.1933333333333
129 72 34.24 251.85666666666665
131 71 36.88 237.36
133 70 38.24 214.6066666666667
135 69 38.32 224.2266666666667
137 68 38.56 221.5066666666667
139 66 33.2 309.5
141 65 34.44 290.09000000000003
143 64 34.88 286.94333333333344
145 63 33.4 281.74999999999994
147 63 41.72 211.8766666666667
149 62 39.44 261.67333333333335
151 61 36.08 322.2433333333334
153 61 40.4 207.4166666666667
155 60 35.36 295.8233333333334
157 60 39.8 235.16666666666666
159 59 35.2 326.4166666666667
161 59 39.2 252.8333333333334
163 58 35.24 393.02333333333337
165 58 38.08 358.4933333333334
167 58 39.68 308.14333333333326
169 58 41.56 290.0066666666666
171 58 44.04 294.2066666666667
173 58 46.52 300.26000000000005
175 58 47.24 320.94000000000017
177 58 46.36 347.82333333333327
179 58 44.16 298.39000000000004
181 69 37.24 32.690000000000005
183 58 42.84 263.13999999999993
185 58 42.08 289.41
187 58 41.0 326.0
189 58 38.4 365.1666666666667
173 80 22.52 338.3433333333333
172 82 20.48 296.1766666666667
171 84 17.4 185.91666666666663
170 86 15.0 125.58333333333333
170 88 18.36 162.48999999999998
169 90 13.96 89.45666666666669
169 92 14.0 88.33333333333333
169 94 14.24 84.68999999999998
169 96 14.64 88.90666666666665
169 98 14.36 75.32333333333332
169 100 14.24 73.77333333333333
169 102 13.0 79.33333333333333
170 104 16.04 102.45666666666669
170 106 14.0 89.58333333333333
170 108 11.6 60.0
171 110 11.72 63.21000000000001
172 112 11.4 49.91666666666668
174 116 11.52 35.26
177 122 12.36 51.156666666666645
223 54 15.96 262.79
226 56 16.8 209.1666666666667
230 58 17.84 280.4733333333333
235 60 14.2 230.5833333333333
238 62 15.0 212.41666666666666
240 64 21.4 424.3333333333334
243 66 15.48 245.59333333333333
245 68 14.2 207.41666666666666
247 70 14.64 222.15666666666667
249 72 12.52 170.26000000000002
250 74 14.0 172.33333333333334
251 76 14.76 183.68999999999997
252 78 14.84 168.9733333333333
253 80 15.56 188.42333333333332
254 82 17.0 200.0
255 84 17.68 209.30999999999997
257 86 11.92 147.65999999999997
258 88 12.28 149.54333333333332
258 90 18.8 232.9166666666667
259 92 18.16 233.30666666666673
260 94 16.6 205.5
261 96 14.88 207.61
261 98 19.24 245.27333333333334
262 100 17.0 217.91666666666666
263 102 15.24 198.1066666666666
264 104 13.28 148.04333333333332
264 106 17.0 194.25
265 108 14.12 149.60999999999999
265 110 18.16 205.64000000000001
266 112 14.4 135.33333333333334
266 114 16.8 151.08333333333331
266 116 17.72 167.04333333333338
266 118 18.2 175.5
266 120 17.0 156.5
266 122 14.76 112.35666666666663
266 124 12.84 84.97333333333333
266 126 11.44 59.673333333333346
266 128 10.56 48.25666666666667
265 130 11.16 35.63999999999999
217 132 20.96 41.70666666666667
238 134 16.52 25.84333333333333
243 136 20.2 34.333333333333336
196 138 36.16 39.39000000000001
209 140 15.6 40.583333333333336
204 142 20.72 90.37666666666667
217 144 12.76 42.02333333333333
221 146 13.36 58.49
231 148 16.12 28.193333333333328
229 152 17.64 55.07333333333332
286 182 7.36 24.490000000000006
175 79 34.16 300.97333333333324
177 75 29.16 230.64000000000007
179 71 29.28 311.79333333333335
181 70 38.76 292.69
183 68 38.24 461.8566666666666
185 67 44.28 489.1266666666666
187 66 46.76 372.7733333333333
189 65 47.64 389.0733333333335
191 64 46.68 371.30999999999995
193 62 36.52 462.92666666666673
195 61 36.36 442.4066666666666
197 60 36.12 441.1099999999999
199 59 32.84 448.8066666666667
201 59 34.96 444.79
203 60 45.76 342.10666666666674
205 59 37.28 324.8766666666668
207 57 24.56 187.84000000000003
209 57 31.48 155.9266666666667
211 56 32.24 275.44
213 58 43.12 40.02666666666666
215 55 31.88 291.11
217 55 34.52 317.26
219 55 35.08 349.66
221 55 32.56 406.0066666666666
223 57 39.28 264.29333333333335
181 128 18.28 89.96000000000002
183 129 26.76 66.52333333333333
189 137 22.4 55.0
191 126 26.0 113.0
193 140 25.64 53.15666666666667
195 136 36.24 48.190000000000005
197 142 31.32 123.31
199 142 37.48 82.34333333333333
201 139 29.2 97.25
203 141 24.28 121.12666666666671
205 144 21.32 83.22666666666667
207 145 19.96 69.78999999999999
209 140 15.6 40.583333333333336
211 147 22.48 52.17666666666668
213 145 19.88 63.943333333333335
215 134 27.48 68.67666666666666
217 144 12.76 42.02333333333333
219 146 14.0 56.833333333333336
221 146 13.36 58.49
227 152 19.2 51.75
237 134 16.8 25.250000000000004
243 136 20.2 34.333333333333336
112 80 19.92 135.82666666666668
111 82 15.44 80.42333333333333
111 84 16.56 96.34000000000002
111 86 17.12 91.94333333333337
111 88 16.64 89.65666666666668
111 90 16.4 94.33333333333331
111 92 15.68 92.56
111 94 14.96 82.12333333333332
112 96 18.48 97.76
112 98 16.04 92.45666666666665
113 100 18.6 107.66666666666667
113 102 15.36 86.49
114 104 16.84 79.05666666666666
114 106 13.84 52.55666666666665
115 108 15.36 52.07333333333333
116 110 16.6 69.41666666666667
116 112 13.08 60.99333333333336
118 114 16.84 71.39
118 116 13.08 63.24333333333334
158 118 38.96 69.87333333333335
120 120 14.08 48.826666666666675
120 122 11.68 44.559999999999995
140 124 25.92 30.243333333333336
143 126 24.32 36.05999999999999
147 128 28.0 70.58333333333333
148 130 31.4 58.08333333333334
157 132 26.4 20.166666666666668
145 134 26.52 32.25999999999999
144 136 26.68 35.393333333333324
170 138 29.8 39.833333333333336
164 140 24.64 18.406666666666666
183 54 13.48 198.17666666666665
185 56 17.36 271.74
188 58 16.44 268.84000000000003
190 60 17.92 294.82666666666665
192 62 18.96 345.29
194 64 20.08 530.5766666666667
196 66 15.36 346.1566666666666
197 68 16.24 326.94000000000005
198 70 14.64 202.15666666666667
199 72 13.64 185.73999999999998
199 74 18.96 247.62333333333333
200 76 15.88 178.85999999999999
200 78 19.52 193.17666666666662
201 80 16.56 149.42333333333335
202 82 14.44 120.58999999999999
202 84 18.12 165.77666666666667
203 86 15.24 150.1899999999999
203 88 17.52 172.84333333333333
204 90 13.88 134.35999999999999
204 92 15.84 155.80666666666664
204 94 17.68 152.14333333333332
205 96 14.52 114.84333333333336
205 98 16.16 130.97333333333333
205 100 17.44 135.84
206 102 14.4 101.75000000000001
206 104 15.24 103.85666666666664
206 106 16.64 103.74
206 108 17.6 114.75000000000004
207 110 13.2 95.66666666666667
206 112 17.64 113.24
206 114 16.4 108.25000000000001
206 116 15.68 109.97666666666667
206 118 15.12 103.19333333333334
206 120 14.52 88.17666666666666
206 122 12.84 77.30666666666667
205 124 14.4 92.58333333333337
278 126 7.56 14.840000000000009
204 128 13.6 73.66666666666666
204 130 11.72 58.960000000000015
203 132 12.52 66.51
202 134 14.24 62.44
202 136 11.52 52.34333333333331
200 138 15.12 53.77666666666667
199 140 14.36 45.24
199 142 10.8 43.58333333333332
194 150 10.76 36.856666666666655
290 194 7.64 21.406666666666666
290 196 7.36 22.156666666666666
112 80 19.92 135.82666666666668
114 75 28.08 231.41000000000005
116 70 31.68 292.72666666666663
118 66 34.04 361.78999999999996
120 63 38.04 368.7066666666667
122 60 34.2 275.25000000000006
124 58 33.88 265.11
126 57 36.72 213.12666666666675
128 55 33.4 287.25000000000006
130 54 32.12 217.02666666666667
132 53 30.48 201.92666666666665
134 52 28.96 200.78999999999996
136 51 27.28 206.95999999999995
138 51 29.96 166.37333333333336
140 51 31.68 159.56000000000003
142 53 46.48 71.84333333333335
144 53 44.84 60.13999999999999
146 50 26.92 208.49333333333334
148 50 26.8 174.91666666666666
150 50 28.0 175.83333333333334
152 50 33.0 205.5
154 50 36.76 157.1066666666667
156 49 30.64 225.32333333333327
158 50 40.32 83.39333333333333
160 49 35.32 292.39333333333326
162 49 37.12 308.2766666666666
164 49 36.4 316.91666666666663
166 49 34.08 298.82666666666677
168 49 33.04 315.03999999999996
170 50 38.68 266.06
172 50 32.44 308.09
174 51 34.32 295.8933333333334
176 52 34.24 359.69000000000005
178 54 42.16 387.3066666666666
180 55 40.8 413.4166666666667
182 56 37.4 403.3333333333333
288 194 7.04 23.623333333333335
142 80 16.64 154.49
140 82 15.36 151.07333333333335
139 84 18.52 216.17666666666665
137 86 15.8 219.83333333333337
136 88 16.72 229.62666666666664
135 90 16.96 206.95666666666668
133 92 14.2 135.58333333333334
132 94 16.12 153.6933333333333
131 96 16.56 169.50666666666666
130 98 16.84 158.55666666666667
129 100 16.84 163.55666666666664
128 102 17.16 157.89000000000001
127 104 16.72 139.37666666666667
125 106 12.0 72.0
125 108 16.56 126.09000000000002
124 110 14.8 102.16666666666667
124 112 16.76 108.02333333333333
123 114 13.08 60.74333333333333
123 116 14.08 77.41
123 118 15.12 84.52666666666666
123 120 15.92 81.91
123 122 16.2 62.24999999999999
122 124 13.56 54.00666666666668
122 126 14.52 68.42666666666668
122 128 14.76 78.77333333333334
122 130 14.12 73.02666666666666
122 132 13.56 62.33999999999998
122 134 13.24 61.939999999999976
122 136 12.8 57.083333333333336
161 138 17.76 37.93999999999999
160 140 16.88 30.943333333333342
159 142 18.8 31.666666666666668
156 144 21.0 28.166666666666668
124 146 12.64 42.57333333333333
124 148 10.64 40.156666666666666
161 152 23.84 36.97333333333332
176 154 24.56 17.25666666666667
189 60 18.4 302.25
195 62 13.24 159.68999999999997
197 64 16.6 156.75000000000003
201 66 11.68 92.72666666666669
203 68 11.88 100.11
204 70 15.2 126.33333333333333
206 72 12.56 93.50666666666666
207 74 15.16 120.47333333333331
209 76 12.64 103.73999999999997
211 78 12.04 110.04000000000002
213 80 13.48 143.09333333333333
214 82 17.8 150.08333333333331
216 84 16.0 136.16666666666666
218 86 14.52 152.17666666666665
219 88 15.96 144.54
220 90 17.48 178.50999999999996
221 92 18.44 200.00666666666666
222 94 16.76 174.44000000000003
223 96 14.0 118.33333333333333
223 98 16.28 147.54333333333335
223 100 16.52 163.42666666666668
223 102 16.52 175.59333333333333
223 104 16.92 195.40999999999994
223 106 17.28 184.2933333333333
223 108 15.52 150.59333333333333
223 110 15.64 145.82333333333327
223 112 15.68 137.14333333333335
223 114 15.0 127.16666666666667
223 116 13.52 100.67666666666666
222 118 18.4 191.41666666666666
222 120 15.08 177.7433333333333
221 122 16.16 182.97333333333336
283 124 7.44 17.173333333333332
283 126 7.48 16.843333333333334
218 128 11.72 45.21
187 130 23.2 33.75
214 132 14.08 46.74333333333334
212 134 15.28 57.71
210 136 17.16 75.64
209 138 15.24 91.69
207 140 16.52 97.01000000000003
206 142 12.32 83.05999999999999
204 144 12.08 65.16000000000001
202 146 11.72 52.876666666666665
200 148 11.36 61.40666666666666
197 150 13.6 61.666666666666664
195 152 12.12 45.276666666666664
291 194 6.68 22.06
144 80 29.76 226.6066666666666
146 78 31.24 224.10666666666665
148 76 33.12 193.35999999999999
150 73 27.24 202.60666666666665
152 72 31.52 164.09333333333328
154 70 27.48 176.42666666666665
156 69 30.16 211.30666666666664
158 68 32.68 222.4766666666666
160 67 34.4 243.75
162 66 35.88 269.60999999999996
164 65 36.6 292.4166666666667
166 64 35.76 301.8566666666666
168 63 34.76 346.69000000000005
170 63 41.84 299.5566666666667
172 62 37.2 421.75
174 62 40.92 381.74333333333334
176 62 43.88 297.02666666666664
178 61 36.88 422.85999999999996
180 61 40.04 424.3733333333333
182 61 39.8 412.0
184 61 36.72 400.29333333333335
186 61 32.44 338.42333333333335
188 62 34.92 262.82666666666665
118 80 18.48 148.3433333333333
118 82 20.52 132.01
117 84 16.72 99.87666666666667
117 86 17.16 82.30666666666667
117 88 17.2 62.583333333333314
117 90 16.08 48.576666666666675
117 94 14.16 44.22333333333333
117 96 12.84 48.14000000000001
118 98 14.64 60.49
119 100 16.64 71.24
119 102 13.56 58.59
120 104 14.36 61.23999999999999
121 106 14.88 66.36
122 108 14.32 58.72666666666669
123 110 13.56 54.00666666666667
126 114 15.48 51.84333333333333
126 116 11.36 43.99
155 118 24.44 21.09
141 122 29.84 35.14000000000001
132 124 13.04 59.79
134 126 13.84 56.72333333333333
136 128 13.76 58.27333333333333
138 130 12.8 50.333333333333336
141 132 14.12 57.69333333333335
155 140 18.24 61.94
158 142 17.04 67.62333333333333
184 60 18.4 302.50000000000006
190 62 19.36 367.24
195 64 18.12 313.5266666666666
198 66 19.0 331.0833333333333
203 68 15.36 200.99
206 70 16.6 221.4166666666667
210 72 13.04 151.70666666666668
212 74 15.64 188.5733333333333
214 76 16.68 196.39333333333332
217 78 12.4 144.5
219 80 12.92 139.4933333333333
221 82 12.56 140.08999999999997
222 84 16.08 175.3266666666667
224 86 13.8 131.33333333333334
225 88 15.48 156.67666666666668
226 90 17.0 168.33333333333334
227 92 16.8 155.16666666666669
228 94 15.28 145.54333333333332
229 96 14.12 135.44333333333336
229 98 18.76 165.0233333333333
230 100 16.6 154.91666666666669
230 102 19.56 165.50666666666666
231 104 15.0 110.83333333333333
231 106 15.52 112.92666666666669
231 108 14.64 101.65666666666665
231 110 12.88 83.10999999999997
230 112 13.88 62.86000000000001
230 114 11.8 46.75
223 116 20.28 34.29333333333334
206 118 21.24 99.10666666666667
208 120 22.12 81.86
212 122 19.36 37.489999999999995
286 124 7.76 16.94
286 126 7.72 16.70999999999999
197 128 28.48 39.67666666666666
189 130 26.2 37.833333333333336
205 132 22.48 28.426666666666666
182 134 26.28 32.96
297 192 7.44 23.423333333333332
297 194 6.96 25.789999999999996
209 196 6.12 16.776666666666667
120 78 27.12 181.86
122 74 28.6 239.9166666666667
124 72 33.52 242.01
126 70 33.72 265.2933333333333
128 69 38.04 211.9566666666668
130 67 36.36 294.4066666666666
132 65 32.48 282.76
134 64 34.12 247.61000000000004
136 63 33.72 255.7933333333333
138 62 31.32 289.14333333333326
140 62 35.48 223.25999999999996
142 61 31.04 257.7066666666666
144 61 34.68 216.81000000000006
146 60 29.68 273.06
148 60 32.08 261.16
150 60 34.68 227.31000000000003
152 59 29.64 279.6566666666667
154 59 31.88 294.19333333333344
156 59 33.96 293.45666666666676
158 59 35.56 278.09
160 59 36.36 287.1566666666667
162 59 38.68 317.0599999999999
164 59 41.68 304.3099999999999
166 59 44.44 299.09
168 59 45.6 326.3333333333333
170 59 43.12 395.9433333333333
172 59 39.08 428.7433333333334
174 60 44.6 315.50000000000006
176 60 39.04 453.20666666666665
178 61 43.48 338.75999999999993
180 61 39.56 441.5900000000001
182 62 43.72 323.6266666666666
184 62 38.16 431.7233333333333
132 80 13.36 57.49
131 82 16.28 74.62666666666667
129 84 14.84 78.05666666666666
128 86 16.08 88.32666666666667
127 88 16.12 69.61
126 90 16.28 85.21000000000001
125 92 16.48 101.50999999999999
124 94 15.8 98.83333333333331
124 96 18.24 108.35666666666667
123 98 15.08 79.57666666666667
124 100 18.72 89.62666666666668
123 102 14.04 72.62333333333333
123 104 13.6 64.08333333333333
123 106 12.92 53.076666666666675
153 108 32.84 42.30666666666668
123 110 12.2 41.00000000000001
153 112 29.52 57.25999999999999
155 114 30.32 68.56
161 116 25.12 30.86
124 118 10.84 31.140000000000004
140 120 29.72 35.29333333333333
140 122 29.72 31.62666666666667
143 124 28.4 34.25
175 126 24.24 36.44
156 128 25.52 50.42666666666668
154 130 27.04 27.456666666666678
159 132 26.84 47.473333333333336
159 136 23.24 34.35666666666666
154 138 25.76 18.69
156 140 28.44 27.256666666666664
155 142 26.36 28.40666666666667
165 144 28.16 38.72333333333333
172 146 28.32 27.393333333333334
176 150 30.2 25.916666666666668
183 64 17.52 211.17666666666665
188 66 16.32 183.30999999999997
191 68 16.16 213.22333333333333
193 70 18.0 224.66666666666666
196 72 14.48 150.84333333333333
198 74 14.6 186.3333333333333
200 76 13.36 172.48999999999998
201 78 17.48 215.1766666666667
203 80 16.72 189.04333333333338
205 82 14.84 160.30666666666664
206 84 18.52 222.51000000000002
207 86 20.64 253.32333333333335
209 88 14.88 163.4433333333333
210 90 16.44 193.17333333333332
211 92 17.96 225.3733333333333
213 94 13.32 156.47666666666666
214 96 16.16 184.47333333333333
215 98 17.68 199.89333333333335
216 100 18.56 219.84
218 102 13.12 148.02666666666667
218 104 19.28 229.95999999999995
219 106 16.32 175.31000000000003
220 108 14.8 141.66666666666666
221 110 14.04 136.04
221 112 17.92 169.07666666666668
222 114 14.72 130.96
222 116 16.6 132.99999999999997
222 118 19.0 135.83333333333334
223 120 14.8 107.16666666666663
223 122 15.6 129.50000000000003
223 124 15.88 123.19333333333333
223 126 15.8 90.08333333333331
224 128 12.0 56.833333333333336
223 130 14.36 53.73999999999999
223 132 13.72 49.04333333333333
223 134 13.36 43.906666666666666
223 136 13.2 50.75
223 138 13.08 58.24333333333335
223 140 12.48 53.84333333333333
223 142 11.64 40.32333333333333
185 144 31.96 30.956666666666674
222 146 12.52 40.76
222 148 11.36 38.82333333333333
290 178 7.64 26.906666666666663
134 80 19.0 75.66666666666667
136 79 22.72 71.71000000000002
138 78 27.32 101.06
140 77 31.12 113.85999999999997
142 73 23.84 148.64000000000001
144 71 24.24 132.35666666666665
146 70 27.44 122.00666666666667
148 69 29.12 121.36
150 68 29.52 142.51
152 67 28.72 153.79333333333335
154 66 27.32 176.14333333333332
156 66 31.28 151.29333333333332
158 65 29.24 213.10666666666668
160 65 31.96 183.45666666666668
162 65 35.24 176.85666666666668
164 72 45.24 24.35666666666667
166 75 32.28 58.04333333333335
168 74 34.88 52.11000000000001
170 65 38.56 245.59
172 65 38.2 262.0833333333334
174 65 37.52 288.1766666666667
176 65 36.6 312.25000000000006
178 65 34.72 309.71000000000004
180 65 30.76 299.02333333333337
182 66 33.52 230.76
288 178 7.0 29.75
290 178 7.64 26.906666666666663
148 80 12.92 129.57666666666665
147 82 15.24 142.77333333333334
146 84 17.72 159.45999999999998
145 86 19.0 147.16666666666666
143 88 14.0 85.58333333333333
142 90 14.6 106.41666666666664
142 92 19.16 146.89
141 94 17.24 152.0233333333333
140 96 15.24 140.3566666666666
140 98 18.36 153.32333333333332
139 100 15.52 120.92666666666666
139 102 18.08 122.91000000000003
138 104 14.52 108.01000000000003
138 106 16.6 127.5
137 108 13.88 92.19333333333333
137 110 15.96 120.04
137 112 18.0 153.08333333333334
136 114 12.88 84.10999999999997
136 116 13.68 98.64333333333332
136 118 14.84 112.22333333333331
136 120 15.84 118.05666666666667
136 122 16.2 99.08333333333337
135 124 12.0 63.666666666666664
135 126 12.52 61.42666666666667
135 128 13.88 68.94333333333333
135 130 13.8 63.25
135 132 12.84 53.640000000000015
135 134 11.64 42.07333333333333
136 136 15.08 59.24333333333334
136 138 14.24 55.77333333333334
177 140 30.2 42.99999999999999
160 142 38.28 36.37666666666667
137 144 12.92 54.49333333333334
173 146 36.6 52.75
169 148 39.52 19.92666666666667
174 150 37.48 28.759999999999994
184 64 14.0 100.0
192 66 13.88 141.77666666666664
202 68 14.32 143.64333333333332
206 70 14.84 157.39000000000001
209 72 13.8 107.0
212 74 14.04 123.70666666666666
214 76 15.44 148.84
216 78 16.0 180.5
218 80 14.8 170.66666666666666
219 82 18.12 220.52666666666667
221 84 15.12 177.36
222 86 18.08 212.24333333333334
223 88 20.88 276.36
225 90 14.72 189.87666666666667
226 92 15.68 198.80999999999997
227 94 15.52 187.4266666666667
228 96 14.52 166.34333333333333
228 98 17.88 190.44333333333336
229 100 13.12 118.77666666666669
229 102 14.24 124.27333333333331
229 104 14.64 114.90666666666664
229 106 13.68 93.22666666666667
229 108 12.52 81.01
228 110 16.2 103.75
228 112 15.36 98.40666666666665
228 114 13.48 87.59333333333332
278 116 6.52 13.509999999999998
227 118 13.08 64.82666666666668
227 120 11.36 51.57333333333332
226 122 14.32 77.31
226 124 12.04 64.70666666666666
225 126 13.16 60.55666666666667
224 128 13.64 59.406666666666645
223 130 14.32 55.89333333333334
223 132 11.76 49.43999999999999
222 134 12.0 57.166666666666664
221 136 13.16 64.05666666666666
220 138 13.36 54.73999999999999
204 140 42.72 26.543333333333326
193 142 40.8 36.5
218 144 11.28 40.96
199 148 37.0 30.25
188 150 38.96 38.28999999999999
291 184 6.92 22.493333333333336
292 186 7.08 22.24333333333333
152 79 31.76 184.77333333333334
154 77 33.08 184.91000000000005
156 75 33.36 221.49
158 73 29.28 244.7933333333333
160 72 32.32 215.97666666666666
162 71 33.44 182.09
164 69 26.88 225.9433333333333
166 68 27.4 225.66666666666663
168 68 32.96 178.87333333333333
170 67 29.4 234.6666666666667
172 67 31.48 166.34333333333333
174 66 26.28 183.96
176 66 26.28 135.29333333333335
178 66 25.4 115.33333333333333
180 66 23.12 77.36
182 69 25.48 27.76
184 66 20.32 72.47666666666666
290 184 6.76 23.19
119 80 19.96 173.20666666666662
117 82 15.68 134.64333333333335
116 84 16.48 144.67666666666665
115 86 15.96 128.37333333333333
115 88 20.72 174.29333333333332
114 90 19.2 174.91666666666666
114 92 23.28 205.12666666666664
113 94 18.96 161.95666666666668
113 96 19.44 145.75666666666666
113 98 18.68 121.47666666666669
113 100 17.12 89.69333333333337
114 102 18.84 98.47333333333334
114 104 15.44 92.08999999999999
115 106 16.16 86.47333333333334
115 108 12.32 55.81
116 110 12.44 59.09
117 112 11.6 48.33333333333332
119 114 13.88 41.02666666666668
145 116 33.24 35.27333333333334
165 118 35.52 38.75999999999999
149 120 33.36 40.489999999999995
159 122 41.04 45.289999999999985
155 124 33.68 46.39333333333334
176 126 31.24 56.44
165 128 31.96 75.95666666666669
169 134 22.4 32.333333333333336
169 136 22.28 34.54333333333334
190 56 18.56 251.42333333333332
199 58 16.08 237.49333333333334
205 60 16.56 250.83999999999995
210 62 15.48 230.67666666666665
213 64 17.44 325.5066666666667
215 66 20.36 386.4066666666667
218 68 15.0 212.0
220 70 14.28 172.62666666666664
222 72 13.2 151.91666666666666
223 74 15.96 190.20666666666668
224 76 17.72 169.29333333333332
225 78 17.48 148.01000000000002
226 80 18.08 163.57666666666668
227 82 15.56 115.08999999999999
228 84 13.84 96.38999999999999
228 86 14.6 75.66666666666666
228 88 14.72 60.126666666666665
229 90 12.12 50.77666666666667
229 92 12.44 51.84
229 94 12.28 38.04333333333333
206 96 19.76 34.773333333333326
203 98 26.16 64.47333333333334
208 100 23.6 54.08333333333334
194 102 28.8 41.75
230 104 12.24 54.606666666666655
230 106 12.32 56.81000000000001
186 108 23.2 23.75
185 110 22.84 25.39
208 112 22.0 26.666666666666668
208 114 20.32 40.97666666666667
211 118 20.04 25.539999999999996
209 120 19.8 32.333333333333336
199 128 18.4 65.66666666666667
201 130 23.32 43.64333333333334
199 132 27.6 44.08333333333332
181 134 29.72 105.20999999999998
193 136 30.28 66.96
189 138 23.68 61.143333333333345
300 194 7.68 15.560000000000004
301 196 7.0 19.0
121 79 27.88 202.6933333333333
123 77 29.72 193.71000000000004
125 75 30.36 219.23999999999998
127 74 35.88 193.1933333333333
129 72 34.24 251.85666666666665
131 71 36.88 237.36
133 70 38.24 214.6066666666667
135 69 38.32 224.2266666666667
137 68 38.56 221.5066666666667
139 66 33.2 309.5
141 65 34.44 290.09000000000003
143 64 34.88 286.94333333333344
145 63 33.4 281.74999999999994
147 63 41.72 211.8766666666667
149 62 39.44 261.67333333333335
151 61 36.08 322.2433333333334
153 61 40.4 207.4166666666667
155 60 35.36 295.8233333333334
157 60 39.8 235.16666666666666
159 59 35.2 326.4166666666667
161 59 39.2 252.8333333333334
163 58 35.24 393.02333333333337
165 58 38.08 358.4933333333334
167 58 39.68 308.14333333333326
169 58 41.56 290.0066666666666
171 58 44.04 294.2066666666667
173 58 46.52 300.26000000000005
175 58 47.24 320.94000000000017
177 58 46.36 347.82333333333327
179 58 44.16 298.39000000000004
181 69 37.24 32.690000000000005
183 58 42.84 263.13999999999993
185 58 42.08 289.41
187 58 41.0 326.0
189 58 38.4 365.1666666666667
173 80 22.52 338.3433333333333
172 82 20.48 296.1766666666667
171 84 17.4 185.91666666666663
170 86 15.0 125.58333333333333
170 88 18.36 162.48999999999998
169 90 13.96 89.45666666666669
169 92 14.0 88.33333333333333
169 94 14.24 84.68999999999998
169 96 14.64 88.90666666666665
169 98 14.36 75.32333333333332
169 100 14.24 73.77333333333333
169 102 13.0 79.33333333333333
170 104 16.04 102.45666666666669
170 106 14.0 89.58333333333333
170 108 11.6 60.0
171 110 11.72 63.21000000000001
172 112 11.4 49.91666666666668
174 116 11.52 35.26
177 122 12.36 51.156666666666645
223 54 15.96 262.79
226 56 16.8 209.1666666666667
230 58 17.84 280.4733333333333
235 60 14.2 230.5833333333333
238 62 15.0 212.41666666666666
240 64 21.4 424.3333333333334
243 66 15.48 245.59333333333333
245 68 14.2 207.41666666666666
247 70 14.64 222.15666666666667
249 72 12.52 170.26000000000002
250 74 14.0 172.33333333333334
251 76 14.76 183.68999999999997
252 78 14.84 168.9733333333333
253 80 15.56 188.42333333333332
254 82 17.0 200.0
255 84 17.68 209.30999999999997
257 86 11.92 147.65999999999997
258 88 12.28 149.54333333333332
258 90 18.8 232.9166666666667
259 92 18.16 233.30666666666673
260 94 16.6 205.5
261 96 14.88 207.61
261 98 19.24 245.27333333333334
262 100 17.0 217.91666666666666
263 102 15.24 198.1066666666666
264 104 13.28 148.04333333333332
264 106 17.0 194.25
265 108 14.12 149.60999999999999
265 110 18.16 205.64000000000001
266 112 14.4 135.33333333333334
266 114 16.8 151.08333333333331
266 116 17.72 167.04333333333338
266 118 18.2 175.5
266 120 17.0 156.5
266 122 14.76 112.35666666666663
266 124 12.84 84.97333333333333
266 126 11.44 59.673333333333346
266 128 10.56 48.25666666666667
265 130 11.16 35.63999999999999
217 132 20.96 41.70666666666667
238 134 16.52 25.84333333333333
243 136 20.2 34.333333333333336
196 138 36.16 39.39000000000001
209 140 15.6 40.583333333333336
204 142 20.72 90.37666666666667
217 144 12.76 42.02333333333333
221 146 13.36 58.49
231 148 16.12 28.193333333333328
229 152 17.64 55.07333333333332
286 182 7.36 24.490000000000006
175 79 34.16 300.97333333333324
177 75 29.16 230.64000000000007
179 71 29.28 311.79333333333335
181 70 38.76 292.69
183 68 38.24 461.8566666666666
185 67 44.28 489.1266666666666
187 66 46.76 372.7733333333333
189 65 47.64 389.0733333333335
191 64 46.68 371.30999999999995
193 62 36.52 462.92666666666673
195 61 36.36 442.4066666666666
197 60 36.12 441.1099999999999
199 59 32.84 448.8066666666667
201 59 34.96 444.79
203 60 45.76 342.10666666666674
205 59 37.28 324.8766666666668
207 57 24.56 187.84000000000003
209 57 31.48 155.9266666666667
211 56 32.24 275.44
213 58 43.12 40.02666666666666
215 55 31.88 291.11
217 55 34.52 317.26
219 55 35.08 349.66
221 55 32.56 406.0066666666666
223 57 39.28 264.29333333333335
181 128 18.28 89.96000000000002
183 129 26.76 66.52333333333333
189 137 22.4 55.0
191 126 26.0 113.0
193 140 25.64 53.15666666666667
195 136 36.24 48.190000000000005
197 142 31.32 123.31
199 142 37.48 82.34333333333333
201 139 29.2 97.25
203 141 24.28 121.12666666666671
205 144 21.32 83.22666666666667
207 145 19.96 69.78999999999999
209 140 15.6 40.583333333333336
211 147 22.48 52.17666666666668
213 145 19.88 63.943333333333335
215 134 27.48 68.67666666666666
217 144 12.76 42.02333333333333
219 146 14.0 56.833333333333336
221 146 13.36 58.49
227 152 19.2 51.75
237 134 16.8 25.250000000000004
243 136 20.2 34.333333333333336
157 80 14.88 170.77666666666664
156 82 16.32 215.64333333333335
155 84 15.52 170.51
154 86 14.56 140.58999999999997
153 88 13.28 96.37666666666662
153 90 17.24 161.44
152 92 14.32 114.80999999999999
152 94 17.88 156.52666666666667
151 96 15.28 125.37666666666665
151 98 18.04 144.70666666666668
150 100 14.12 97.44333333333334
150 102 14.76 97.60666666666667
150 104 14.48 92.92666666666666
150 106 13.36 80.15666666666665
150 108 12.48 72.09333333333333
151 110 15.2 85.08333333333336
151 112 13.28 72.54333333333334
152 114 15.64 64.15666666666665
152 116 14.4 63.08333333333332
152 118 11.92 54.74333333333334
153 120 12.68 45.47666666666666
155 122 18.48 48.84333333333334
156 124 20.76 66.35666666666667
156 126 16.28 74.04333333333332
157 130 12.32 43.47666666666667
162 132 25.52 70.84333333333332
159 134 9.4 45.25
168 136 27.12 36.276666666666664
213 50 17.52 437.01
218 52 15.2 325.75
220 54 20.4 480.58333333333326
224 56 15.16 261.89000000000004
227 58 15.8 236.25
230 60 13.6 167.58333333333331
231 62 15.76 183.43999999999997
232 64 16.48 184.34333333333333
234 66 16.8 197.91666666666666
238 68 14.48 221.26
240 70 15.28 258.0433333333333
242 72 12.92 166.82666666666665
243 74 17.04 230.54000000000005
244 76 17.4 219.58333333333337
245 78 16.56 225.84000000000006
245 80 17.44 224.75666666666663
245 82 17.2 198.66666666666666
245 84 17.24 191.68999999999997
245 86 18.2 209.91666666666666
245 88 19.2 179.66666666666666
246 90 14.88 130.69333333333336
246 92 16.92 184.99333333333334
246 94 16.84 176.22333333333327
246 96 16.68 180.39333333333335
246 98 15.72 180.21000000000004
246 100 13.56 146.08999999999997
245 102 15.96 141.3733333333333
245 104 12.8 90.58333333333333
244 106 14.16 65.05666666666666
244 108 12.12 49.943333333333335
243 110 12.16 50.30666666666665
190 112 32.6 47.583333333333336
199 114 32.28 23.376666666666665
197 116 33.56 50.339999999999996
202 118 29.6 40.66666666666667
232 120 23.64 66.15666666666665
232 122 23.16 65.72333333333334
232 124 20.8 65.16666666666666
231 126 22.08 85.49333333333333
230 128 22.08 115.65999999999997
227 130 27.16 86.30666666666667
222 132 29.56 60.17333333333331
186 136 22.24 48.02333333333334
215 138 22.08 34.41
207 140 18.68 25.81
161 78 32.56 186.75666666666666
163 74 26.88 200.69333333333336
165 72 30.28 196.37666666666667
167 68 25.48 241.34333333333333
169 66 29.8 221.66666666666666
171 64 32.08 231.91
173 62 32.44 227.34
175 60 31.36 257.0733333333333
177 59 35.96 237.79
179 57 31.32 303.72666666666663
181 56 34.0 356.8333333333333
183 55 34.32 360.6433333333334
185 54 34.72 412.6266666666666
187 53 35.12 450.4433333333334
189 53 44.72 338.29333333333335
191 52 43.0 544.8333333333334
193 52 51.04 558.0400000000001
195 52 57.36 465.9066666666666
197 51 47.4 741.8333333333331
199 51 47.4 645.9166666666664
201 51 43.32 569.2266666666668
203 51 42.84 521.0566666666668
205 51 45.96 495.456666666667
207 51 48.56 489.17333333333335
209 51 45.72 579.4599999999999
211 52 51.36 524.24
213 52 42.0 758.75
