0056 0003
0167 0076 0007  0032
0161 0080 0010  0145
0156 0084 0007  0038
0152 0088 0006  0040
0150 0092 0008  0131
0148 0096 0008  0067
0146 0100 0009  0176
0144 0104 0006  0111
0143 0108 0012  0264
0142 0112 0012  0236
0141 0116 0006  0083
0141 0120 0013  0330
0141 0124 0016  0412
0141 0128 0014  0329
0141 0132 0011  0171
0141 0136 0007  0075
0142 0140 0014  0268
0142 0144 0004  0034
0144 0148 0010  0245
0146 0152 0013  0371
0148 0156 0007  0162
0151 0160 0007  0158
0156 0164 0013  0468
0160 0168 0004  0041
0168 0172 0005  0024
0318 0044 0021  0028
0283 0048 0017  0033
0318 0052 0019  0048
0284 0056 0014  0038
0200 0072 0012  0047
0214 0076 0007  0031
0218 0080 0009  0045
0226 0084 0006  0032
0226 0088 0007  0027
0232 0092 0008  0037
0232 0096 0010  0036
0236 0100 0012  0126
0239 0104 0015  0245
0240 0108 0031  1285
0242 0112 0010  0050
0242 0116 0021  0319
0242 0120 0018  0357
0242 0124 0011  0061
0241 0128 0013  0156
0240 0132 0012  0079
0238 0136 0017  0331
0236 0140 0016  0613
0235 0144 0008  0027
0231 0148 0014  0333
0228 0152 0015  0400
0225 0156 0011  0182
0222 0160 0006  0065
0217 0164 0010  0254
0211 0168 0005  0042
0201 0172 0005  0070
0186 0176 0004  0020
Средние значения: M= 0010 D = 0175
