0039 0003
0002 0000 0012  0009
0150 0048 0011  0034
0126 0054 0010  0088
0120 0060 0015  0182
0116 0066 0011  0058
0114 0072 0017  0141
0112 0078 0016  0122
0111 0084 0016  0087
0111 0090 0015  0119
0111 0096 0011  0050
0113 0102 0014  0058
0114 0108 0010  0023
0117 0114 0011  0032
0025 0120 0010  0040
0122 0126 0011  0040
0125 0132 0008  0034
0164 0138 0028  0042
0163 0144 0021  0059
0100 0228 0007  0025
0326 0018 0010  0038
0183 0054 0009  0041
0190 0060 0012  0147
0196 0066 0008  0068
0199 0072 0008  0063
0201 0078 0008  0040
0202 0084 0016  0146
0204 0090 0009  0048
0205 0096 0011  0061
0206 0102 0011  0076
0207 0108 0010  0024
0206 0114 0015  0097
0206 0120 0013  0066
0280 0126 0009  0050
0203 0132 0011  0076
0201 0138 0010  0039
0198 0144 0008  0038
0194 0150 0010  0042
0187 0156 0012  0022
0200 0198 0008  0027
Средние значения: M= 0011 D = 0062
