0042 0003
0109 0072 0008  0004
0174 0076 0033  0040
0173 0080 0024  0029
0171 0084 0034  0029
0170 0088 0024  0033
0100 0092 0008  0005
0169 0096 0041  0082
0169 0100 0025  0063
0169 0104 0017  0033
0170 0108 0013  0022
0172 0112 0013  0030
0174 0116 0022  0034
0022 0120 0007  0005
0035 0124 0009  0061
0027 0220 0006  0023
0100 0228 0007  0034
0334 0044 0007  0004
0227 0056 0008  0001
0235 0060 0008  0016
0241 0064 0008  0010
0245 0068 0007  0010
0249 0072 0005  0011
0251 0076 0005  0005
0253 0080 0005  0005
0255 0084 0005  0000
0258 0088 0005  0003
0259 0092 0005  0011
0261 0096 0005  0001
0262 0100 0005  0002
0264 0104 0006  0000
0265 0108 0004  0007
0266 0112 0006  0006
0267 0116 0007  0007
0266 0120 0006  0005
0266 0124 0005  0013
0266 0128 0006  0000
0265 0132 0005  0010
0244 0136 0005  0005
0209 0140 0007  0013
0331 0144 0006  0005
0233 0148 0005  0004
0229 0152 0004  0009
Средние значения: M= 0010 D = 0016
