0050 0003
0177 0056 0006  0006
0172 0060 0054  0105
0168 0064 0044  0047
0165 0068 0044  0038
0163 0072 0037  0087
0160 0076 0043  0142
0157 0080 0030  0042
0155 0084 0021  0010
0153 0088 0016  0038
0152 0092 0011  0025
0151 0096 0010  0021
0102 0100 0007  0013
0150 0104 0031  0076
0150 0108 0023  0006
0151 0112 0023  0028
0151 0116 0023  0012
0153 0120 0027  0021
0022 0124 0007  0004
0156 0128 0023  0012
0158 0132 0030  0018
0161 0136 0029  0065
0167 0140 0028  0036
0027 0220 0006  0032
0100 0228 0007  0040
0218 0052 0007  0006
0224 0056 0007  0002
0230 0060 0007  0003
0232 0064 0006  0010
0238 0068 0006  0005
0242 0072 0006  0007
0244 0076 0005  0011
0245 0080 0005  0009
0245 0084 0005  0006
0245 0088 0005  0004
0246 0092 0006  0012
0246 0096 0007  0000
0246 0100 0006  0003
0245 0104 0006  0005
0244 0108 0006  0005
0242 0112 0006  0002
0233 0116 0006  0001
0233 0120 0005  0009
0232 0124 0005  0006
0233 0128 0005  0006
0230 0132 0005  0002
0226 0136 0004  0009
0208 0140 0016  0025
0251 0148 0009  0015
0334 0152 0007  0002
0289 0188 0004  0009
Средние значения: M= 0014 D = 0021
