0058 0003
0085 0000 0012  0012
0171 0060 0010  0030
0161 0064 0010  0067
0154 0068 0011  0052
0149 0072 0013  0084
0145 0076 0010  0039
0118 0080 0010  0020
0139 0084 0015  0128
0136 0088 0011  0058
0133 0092 0010  0051
0131 0096 0012  0078
0129 0100 0013  0118
0127 0104 0013  0084
0125 0108 0015  0127
0124 0112 0015  0086
0123 0116 0012  0072
0032 0120 0012  0067
0035 0124 0009  0061
0122 0128 0013  0090
0122 0132 0013  0047
0122 0136 0012  0038
0122 0140 0011  0033
0123 0144 0010  0040
0124 0148 0009  0054
0126 0152 0009  0048
0129 0156 0012  0046
0159 0164 0017  0041
0028 0220 0006  0022
0100 0228 0007  0034
0316 0016 0009  0064
0343 0056 0009  0076
0189 0060 0012  0088
0198 0064 0009  0049
0203 0068 0008  0065
0206 0072 0010  0073
0209 0076 0010  0052
0213 0080 0010  0074
0217 0084 0008  0024
0219 0088 0012  0111
0221 0092 0016  0123
0223 0096 0010  0066
0223 0100 0013  0095
0223 0104 0013  0109
0223 0108 0013  0114
0223 0112 0015  0110
0223 0116 0010  0049
0222 0120 0011  0068
0283 0124 0008  0055
0218 0128 0010  0055
0215 0132 0009  0049
0211 0136 0011  0051
0208 0140 0010  0049
0204 0144 0010  0042
0201 0148 0006  0033
0196 0152 0007  0036
0337 0156 0010  0033
0184 0160 0009  0041
0293 0192 0008  0036
Средние значения: M= 0010 D = 0062
