0051 0003
0155 0064 0013  0058
0145 0068 0010  0040
0141 0072 0011  0065
0137 0076 0012  0073
0132 0080 0012  0038
0129 0084 0012  0054
0127 0088 0015  0060
0125 0092 0014  0076
0123 0096 0011  0039
0123 0100 0012  0043
0123 0104 0012  0059
0123 0108 0011  0039
0123 0112 0010  0030
0026 0116 0011  0051
0125 0120 0011  0046
0000 0124 0015  0141
0128 0128 0010  0022
0148 0132 0027  0075
0145 0136 0022  0059
0155 0140 0029  0074
0160 0144 0026  0052
0175 0148 0031  0086
0164 0152 0023  0025
0177 0156 0024  0060
0027 0220 0007  0025
0100 0228 0005  0052
0336 0040 0008  0046
0184 0064 0009  0032
0191 0068 0011  0088
0196 0072 0010  0040
0200 0076 0008  0059
0203 0080 0013  0104
0206 0084 0014  0131
0209 0088 0010  0051
0211 0092 0014  0120
0214 0096 0012  0127
0217 0100 0007  0037
0218 0104 0016  0151
0220 0108 0010  0068
0221 0112 0016  0159
0222 0116 0014  0104
0223 0120 0012  0059
0223 0124 0014  0111
0224 0128 0010  0050
0224 0132 0008  0040
0224 0136 0008  0029
0333 0140 0011  0028
0223 0144 0010  0023
0222 0148 0010  0037
0221 0152 0009  0023
0290 0180 0005  0032
Средние значения: M= 0013 D = 0062
