0053 0003
0079 0000 0012  0013
0174 0064 0010  0034
0163 0068 0012  0122
0156 0072 0009  0039
0152 0076 0012  0100
0148 0080 0009  0045
0145 0084 0009  0033
0143 0088 0010  0055
0142 0092 0018  0135
0140 0096 0012  0083
0139 0100 0013  0108
0138 0104 0011  0066
0137 0108 0011  0061
0137 0112 0016  0074
0136 0116 0011  0097
0136 0120 0016  0139
0035 0124 0009  0041
0135 0128 0012  0077
0135 0132 0011  0050
0135 0136 0009  0045
0136 0140 0012  0041
0137 0144 0013  0042
0138 0148 0011  0052
0168 0152 0033  0090
0027 0220 0006  0030
0100 0228 0007  0057
0321 0008 0010  0028
0336 0048 0010  0100
0184 0064 0010  0043
0203 0068 0007  0032
0209 0072 0011  0082
0214 0076 0012  0075
0218 0080 0011  0117
0221 0084 0010  0056
0224 0088 0008  0041
0226 0092 0011  0104
0228 0096 0010  0047
0229 0100 0009  0039
0229 0104 0011  0064
0229 0108 0009  0047
0228 0112 0014  0093
0279 0116 0008  0032
0227 0120 0010  0034
0226 0124 0010  0064
0224 0128 0013  0036
0223 0132 0009  0056
0221 0136 0011  0048
0220 0140 0010  0025
0218 0144 0011  0036
0335 0148 0011  0027
0186 0152 0032  0070
0189 0156 0025  0037
0292 0184 0008  0034
Средние значения: M= 0011 D = 0060
