0047 0003
0163 0056 0048  0078
0147 0060 0035  0121
0139 0064 0050  0051
0131 0068 0043  0099
0126 0072 0045  0051
0122 0076 0037  0023
0119 0080 0054  0099
0116 0084 0046  0012
0114 0088 0031  0045
0113 0092 0028  0047
0113 0096 0025  0057
0113 0100 0017  0093
0114 0104 0016  0082
0115 0108 0014  0054
0117 0112 0017  0058
0144 0116 0029  0038
0149 0120 0028  0051
0035 0124 0008  0061
0163 0128 0039  0105
0037 0136 0007  0005
0010 0144 0007  0012
0100 0228 0007  0025
0345 0056 0006  0000
0206 0060 0006  0003
0213 0064 0005  0001
0218 0068 0005  0000
0222 0072 0005  0000
0224 0076 0006  0011
0227 0080 0004  0010
0228 0084 0005  0009
0229 0088 0004  0003
0229 0092 0006  0005
0206 0096 0007  0003
0209 0100 0006  0007
0230 0104 0005  0009
0230 0108 0005  0006
0214 0112 0006  0005
0200 0116 0031  0030
0209 0120 0005  0010
0197 0124 0026  0013
0208 0128 0005  0004
0205 0132 0005  0001
0208 0136 0005  0003
0206 0140 0005  0001
0251 0148 0008  0024
0344 0156 0007  0010
0301 0196 0003  0004
Средние значения: M= 0017 D = 0030
