0052
0167 0076
0160 0080
0153 0084
0152 0088
0149 0092
0147 0096
0146 0100
0145 0104
0143 0108
0142 0112
0141 0116
0141 0120
0141 0124
0141 0128
0141 0132
0141 0136
0142 0140
0142 0144
0143 0148
0145 0152
0148 0156
0152 0160
0155 0164
0160 0168
0168 0172
0315 0040
0202 0072
0209 0076
0218 0080
0225 0084
0224 0088
0235 0092
0230 0096
0235 0100
0239 0104
0240 0108
0242 0112
0242 0116
0242 0120
0242 0124
0241 0128
0240 0132
0238 0136
0236 0140
0234 0144
0231 0148
0228 0152
0225 0156
0222 0160
0217 0164
0211 0168
0202 0172
