0083
0159 0038
0141 0042
0126 0046
0117 0050
0111 0054
0106 0058
0102 0062
0099 0066
0096 0070
0093 0074
0091 0078
0089 0082
0086 0086
0084 0090
0082 0094
0080 0098
0078 0102
0077 0106
0075 0110
0074 0114
0074 0118
0073 0122
0073 0126
0074 0130
0074 0134
0074 0138
0075 0142
0076 0146
0076 0150
0077 0154
0077 0158
0078 0162
0079 0166
0080 0170
0082 0174
0084 0178
0086 0182
0088 0186
0091 0190
0094 0194
0097 0198
0100 0202
0103 0206
0200 0040
0212 0044
0219 0048
0224 0052
0229 0056
0233 0060
0237 0064
0241 0068
0244 0072
0248 0076
0251 0080
0253 0084
0255 0088
0257 0092
0258 0096
0260 0100
0261 0104
0261 0108
0262 0112
0263 0116
0264 0120
0265 0124
0265 0128
0266 0132
0266 0136
0266 0140
0266 0144
0265 0148
0265 0152
0264 0156
0263 0160
0262 0164
0260 0168
0259 0172
0258 0176
0257 0180
0255 0184
0254 0188
0251 0192
0249 0196
