0085
0126 0030
0112 0034
0104 0038
0098 0042
0093 0046
0090 0050
0086 0054
0083 0058
0080 0062
0077 0066
0073 0070
0070 0074
0067 0078
0065 0082
0063 0086
0061 0090
0060 0094
0060 0098
0059 0102
0058 0106
0058 0110
0058 0114
0058 0118
0059 0122
0060 0126
0061 0130
0062 0134
0063 0138
0063 0142
0064 0146
0065 0150
0065 0154
0066 0158
0068 0162
0070 0166
0072 0170
0073 0174
0077 0178
0080 0182
0084 0186
0088 0190
0093 0194
0097 0198
0102 0202
0109 0206
0208 0040
0215 0044
0221 0048
0225 0052
0230 0056
0233 0060
0237 0064
0240 0068
0243 0072
0245 0076
0249 0080
0251 0084
0252 0088
0254 0092
0255 0096
0257 0100
0257 0104
0258 0108
0258 0112
0258 0116
0258 0120
0258 0124
0258 0128
0257 0132
0257 0136
0256 0140
0255 0144
0254 0148
0252 0152
0250 0156
0249 0160
0247 0164
0245 0168
0244 0172
0242 0176
0240 0180
0238 0184
0234 0188
0231 0192
0227 0196
