0085
0121 0030
0111 0034
0102 0038
0096 0042
0091 0046
0087 0050
0083 0054
0080 0058
0076 0062
0072 0066
0069 0070
0067 0074
0065 0078
0062 0082
0061 0086
0059 0090
0058 0094
0057 0098
0057 0102
0057 0106
0056 0110
0056 0114
0056 0118
0056 0122
0056 0126
0056 0130
0056 0134
0056 0138
0057 0142
0057 0146
0058 0150
0059 0154
0061 0158
0063 0162
0065 0166
0068 0170
0071 0174
0075 0178
0079 0182
0084 0186
0089 0190
0093 0194
0098 0198
0103 0202
0109 0206
0217 0040
0222 0044
0226 0048
0230 0052
0233 0056
0236 0060
0239 0064
0241 0068
0244 0072
0245 0076
0247 0080
0248 0084
0249 0088
0250 0092
0250 0096
0251 0100
0252 0104
0254 0108
0254 0112
0255 0116
0255 0120
0255 0124
0255 0128
0255 0132
0254 0136
0253 0140
0252 0144
0250 0148
0249 0152
0247 0156
0244 0160
0242 0164
0240 0168
0238 0172
0236 0176
0233 0180
0230 0184
0226 0188
0222 0192
0217 0196
