0057
0002 0000
0150 0048
0129 0052
0123 0056
0120 0060
0117 0064
0115 0068
0114 0072
0112 0076
0111 0080
0111 0084
0111 0088
0111 0092
0111 0096
0112 0100
0113 0104
0114 0108
0116 0112
0118 0116
0025 0120
0035 0124
0123 0128
0125 0132
0144 0136
0164 0140
0163 0144
0155 0148
0027 0220
0100 0228
0326 0016
0340 0056
0190 0060
0194 0064
0197 0068
0199 0072
0200 0076
0201 0080
0202 0084
0203 0088
0204 0092
0205 0096
0205 0100
0206 0104
0207 0108
0206 0112
0206 0116
0206 0120
0205 0124
0204 0128
0203 0132
0202 0136
0200 0140
0198 0144
0195 0148
0193 0152
0187 0156
0291 0196
