0053
0079 0000
0174 0064
0163 0068
0156 0072
0152 0076
0148 0080
0145 0084
0143 0088
0142 0092
0140 0096
0139 0100
0138 0104
0137 0108
0137 0112
0136 0116
0136 0120
0035 0124
0135 0128
0135 0132
0135 0136
0136 0140
0137 0144
0138 0148
0168 0152
0027 0220
0100 0228
0321 0008
0336 0048
0184 0064
0203 0068
0209 0072
0214 0076
0218 0080
0221 0084
0224 0088
0226 0092
0228 0096
0229 0100
0229 0104
0229 0108
0228 0112
0279 0116
0227 0120
0226 0124
0224 0128
0223 0132
0221 0136
0220 0140
0218 0144
0335 0148
0186 0152
0189 0156
0292 0184
