0100
0118 0080
0118 0082
0117 0084
0117 0086
0117 0088
0117 0090
0117 0094
0117 0096
0118 0098
0119 0100
0119 0102
0120 0104
0121 0106
0122 0108
0123 0110
0126 0114
0126 0116
0155 0118
0141 0122
0132 0124
0134 0126
0136 0128
0138 0130
0141 0132
0155 0140
0158 0142
0184 0060
0190 0062
0195 0064
0198 0066
0203 0068
0206 0070
0210 0072
0212 0074
0214 0076
0217 0078
0219 0080
0221 0082
0222 0084
0224 0086
0225 0088
0226 0090
0227 0092
0228 0094
0229 0096
0229 0098
0230 0100
0230 0102
0231 0104
0231 0106
0231 0108
0231 0110
0230 0112
0230 0114
0223 0116
0206 0118
0208 0120
0212 0122
0286 0124
0286 0126
0197 0128
0189 0130
0205 0132
0182 0134
0297 0192
0297 0194
0209 0196
0120 0078
0122 0074
0124 0072
0126 0070
0128 0069
0130 0067
0132 0065
0134 0064
0136 0063
0138 0062
0140 0062
0142 0061
0144 0061
0146 0060
0148 0060
0150 0060
0152 0059
0154 0059
0156 0059
0158 0059
0160 0059
0162 0059
0164 0059
0166 0059
0168 0059
0170 0059
0172 0059
0174 0060
0176 0060
0178 0061
0180 0061
0182 0062
0184 0062
