0058
0085 0000
0171 0060
0161 0064
0154 0068
0149 0072
0145 0076
0118 0080
0139 0084
0136 0088
0133 0092
0131 0096
0129 0100
0127 0104
0125 0108
0124 0112
0123 0116
0032 0120
0035 0124
0122 0128
0122 0132
0122 0136
0122 0140
0123 0144
0124 0148
0126 0152
0129 0156
0159 0164
0028 0220
0100 0228
0316 0016
0343 0056
0189 0060
0198 0064
0203 0068
0206 0072
0209 0076
0213 0080
0217 0084
0219 0088
0221 0092
0223 0096
0223 0100
0223 0104
0223 0108
0223 0112
0223 0116
0222 0120
0283 0124
0218 0128
0215 0132
0211 0136
0208 0140
0204 0144
0201 0148
0196 0152
0337 0156
0184 0160
0293 0192
