0105
0132 0080
0131 0082
0129 0084
0128 0086
0127 0088
0126 0090
0125 0092
0124 0094
0124 0096
0123 0098
0124 0100
0123 0102
0123 0104
0123 0106
0153 0108
0123 0110
0153 0112
0155 0114
0161 0116
0124 0118
0140 0120
0140 0122
0143 0124
0175 0126
0156 0128
0154 0130
0159 0132
0159 0136
0154 0138
0156 0140
0155 0142
0165 0144
0172 0146
0176 0150
0183 0064
0188 0066
0191 0068
0193 0070
0196 0072
0198 0074
0200 0076
0201 0078
0203 0080
0205 0082
0206 0084
0207 0086
0209 0088
0210 0090
0211 0092
0213 0094
0214 0096
0215 0098
0216 0100
0218 0102
0218 0104
0219 0106
0220 0108
0221 0110
0221 0112
0222 0114
0222 0116
0222 0118
0223 0120
0223 0122
0223 0124
0223 0126
0224 0128
0223 0130
0223 0132
0223 0134
0223 0136
0223 0138
0223 0140
0223 0142
0185 0144
0222 0146
0222 0148
0290 0178
0134 0080
0136 0079
0138 0078
0140 0077
0142 0073
0144 0071
0146 0070
0148 0069
0150 0068
0152 0067
0154 0066
0156 0066
0158 0065
0160 0065
0162 0065
0164 0072
0166 0075
0168 0074
0170 0065
0172 0065
0174 0065
0176 0065
0178 0065
0180 0065
0182 0066
0288 0178
0290 0178
