0050
0177 0056
0172 0060
0168 0064
0165 0068
0163 0072
0160 0076
0157 0080
0155 0084
0153 0088
0152 0092
0151 0096
0102 0100
0150 0104
0150 0108
0151 0112
0151 0116
0153 0120
0022 0124
0156 0128
0158 0132
0161 0136
0167 0140
0027 0220
0100 0228
0218 0052
0224 0056
0230 0060
0232 0064
0238 0068
0242 0072
0244 0076
0245 0080
0245 0084
0245 0088
0246 0092
0246 0096
0246 0100
0245 0104
0244 0108
0242 0112
0233 0116
0233 0120
0232 0124
0233 0128
0230 0132
0226 0136
0208 0140
0251 0148
0334 0152
0289 0188
